"time" "EDA.raw" "ECG.raw"
"1" 0.2067095 252 506
"2" 0.2281331 252 506
"3" 0.2456026 252 506
"4" 0.2629763 252 506
"5" 0.2853925 252 506
"6" 0.3073684 252 506
"7" 0.3296592 252 506
"8" 0.3572387 252 506
"9" 0.3748887 252 506
"10" 0.3961828 252 506
"11" 0.4185009 252 506
"12" 0.440897 252 506
"13" 0.4632207 252 506
"14" 0.4852049 252 506
"15" 0.507347 250 491
"16" 0.5296753 250 491
"17" 0.5520469 250 491
"18" 0.5753842 250 491
"19" 0.5985521 250 491
"20" 0.6194572 250 491
"21" 0.641763 250 491
"22" 0.6711644 250 491
"23" 0.6898336 250 491
"24" 0.7075084 250 491
"25" 0.7294358 250 491
"26" 0.7515374 250 491
"27" 0.773853 250 491
"28" 0.7967819 248 509
"29" 0.8194411 248 509
"30" 0.8418961 248 509
"31" 0.8638012 248 509
"32" 0.8863767 248 509
"33" 0.9083369 248 509
"34" 0.9304152 248 509
"35" 0.9528641 248 509
"36" 0.9799743 248 509
"37" 0.9970661 248 509
"38" 1.018354 248 509
"39" 1.040508 248 509
"40" 1.062946 248 509
"41" 1.085054 248 600
"42" 1.107368 247 519
"43" 1.134785 247 519
"44" 1.15253 247 519
"45" 1.174921 247 519
"46" 1.197438 247 519
"47" 1.219356 247 519
"48" 1.241086 247 519
"49" 1.263275 247 519
"50" 1.28544 247 519
"51" 1.307248 247 519
"52" 1.329465 247 519
"53" 1.351618 247 519
"54" 1.373742 247 519
"55" 1.396418 247 500
"56" 1.418941 247 516
"57" 1.443742 247 516
"58" 1.463428 247 516
"59" 1.485709 247 516
"60" 1.508003 247 516
"61" 1.529963 247 516
"62" 1.552114 247 516
"63" 1.574455 247 516
"64" 1.596739 247 516
"65" 1.61891 247 516
"66" 1.641136 247 516
"67" 1.663324 247 516
"68" 1.685588 247 516
"69" 1.708104 247 516
"70" 1.730374 247 516
"71" 1.752673 247 516
"72" 1.775072 247 516
"73" 1.797506 247 516
"74" 1.819818 247 516
"75" 1.841843 247 516
"76" 1.86451 246 519
"77" 1.887079 246 519
"78" 1.916042 246 519
"79" 1.933899 246 519
"80" 1.951311 246 519
"81" 1.973776 246 519
"82" 1.995865 246 519
"83" 2.018239 246 519
"84" 2.040584 246 519
"85" 2.062512 246 519
"86" 2.084987 246 519
"87" 2.10698 246 519
"88" 2.129235 246 519
"89" 2.151502 246 512
"90" 2.173641 246 512
"91" 2.195812 246 512
"92" 2.223 246 512
"93" 2.240313 246 512
"94" 2.262389 246 512
"95" 2.284588 246 512
"96" 2.306886 246 512
"97" 2.329175 246 512
"98" 2.351328 246 512
"99" 2.373573 246 512
"100" 2.395684 246 512
"101" 2.418049 246 512
"102" 2.440151 246 514
"103" 2.462469 246 514
"104" 2.48463 246 514
"105" 2.50679 246 514
"106" 2.535695 246 514
"107" 2.552551 246 514
"108" 2.573404 246 514
"109" 2.595669 246 514
"110" 2.617837 246 514
"111" 2.640413 246 514
"112" 2.662357 246 514
"113" 2.684658 246 514
"114" 2.706786 246 514
"115" 2.729031 246 514
"116" 2.751262 246 507
"117" 2.773508 246 507
"118" 2.795825 246 507
"119" 2.818102 246 507
"120" 2.845775 246 507
"121" 2.862109 246 507
"122" 2.884414 246 507
"123" 2.906682 246 507
"124" 2.929122 246 507
"125" 2.951399 246 507
"126" 2.973252 246 507
"127" 2.995474 246 507
"128" 3.017957 246 507
"129" 3.039925 246 507
"130" 3.062021 246 507
"131" 3.084433 245 542
"132" 3.106865 245 542
"133" 3.128855 245 542
"134" 3.157588 245 542
"135" 3.174252 245 542
"136" 3.195524 245 542
"137" 3.217575 245 542
"138" 3.239917 245 542
"139" 3.262461 245 542
"140" 3.284604 245 542
"141" 3.306675 245 542
"142" 3.328941 245 542
"143" 3.364393 244 496
"144" 3.381863 244 496
"145" 3.39875 244 496
"146" 3.417134 244 496
"147" 3.439487 244 496
"148" 3.468862 244 496
"149" 3.484641 244 496
"150" 3.506043 244 496
"151" 3.52826 244 496
"152" 3.550266 244 496
"153" 3.572643 244 496
"154" 3.595083 244 496
"155" 3.617059 244 496
"156" 3.639113 244 496
"157" 3.661566 244 504
"158" 3.683802 244 504
"159" 3.705879 244 504
"160" 3.728156 244 504
"161" 3.750411 244 504
"162" 3.777776 244 504
"163" 3.795125 244 504
"164" 3.816967 244 504
"165" 3.83928 244 504
"166" 3.861261 244 504
"167" 3.883587 244 504
"168" 3.905866 244 504
"169" 3.928078 244 504
"170" 3.950389 243 493
"171" 3.972455 243 493
"172" 3.994931 243 493
"173" 4.016907 243 493
"174" 4.03916 243 493
"175" 4.061383 243 493
"176" 4.089462 243 493
"177" 4.106611 243 493
"178" 4.127879 243 493
"179" 4.150132 243 493
"180" 4.172292 243 493
"181" 4.194592 243 493
"182" 4.216751 243 493
"183" 4.239008 243 493
"184" 4.261297 243 493
"185" 4.283571 243 493
"186" 4.305558 243 493
"187" 4.327779 243 493
"188" 4.350097 243 493
"189" 4.372546 243 493
"190" 4.395024 243 493
"191" 4.417643 243 522
"192" 4.440097 243 522
"193" 4.462246 243 522
"194" 4.484581 243 522
"195" 4.506866 243 522
"196" 4.52892 243 522
"197" 4.555439 243 522
"198" 4.573984 243 522
"199" 4.595536 243 522
"200" 4.617735 243 522
"201" 4.639946 243 522
"202" 4.66222 243 522
"203" 4.684444 243 522
"204" 4.706563 242 529
"205" 4.728943 242 529
"206" 4.750959 242 529
"207" 4.773147 242 529
"208" 4.795477 242 529
"209" 4.817889 242 529
"210" 4.840307 242 529
"211" 4.86565 242 529
"212" 4.885217 242 529
"213" 4.907574 242 529
"214" 4.9299 242 529
"215" 4.952408 242 529
"216" 4.974738 242 529
"217" 4.997569 241 509
"218" 5.019643 241 509
"219" 5.041738 241 509
"220" 5.063834 241 509
"221" 5.086232 241 509
"222" 5.108318 241 509
"223" 5.130686 241 509
"224" 5.153068 241 509
"225" 5.18117 241 509
"226" 5.199128 241 509
"227" 5.217375 241 509
"228" 5.239608 241 509
"229" 5.261828 241 509
"230" 5.28402 241 509
"231" 5.306287 241 515
"232" 5.328591 241 515
"233" 5.350778 241 515
"234" 5.372959 241 515
"235" 5.395242 241 515
"236" 5.417231 241 515
"237" 5.439833 241 515
"238" 5.461935 241 515
"239" 5.489395 241 515
"240" 5.506018 241 515
"241" 5.528599 241 515
"242" 5.550788 241 515
"243" 5.572971 241 515
"244" 5.595013 241 508
"245" 5.617452 241 508
"246" 5.64323 241 508
"247" 5.661772 241 508
"248" 5.683875 241 508
"249" 5.706127 241 508
"250" 5.728221 241 508
"251" 5.750689 241 508
"252" 5.772958 241 508
"253" 5.795075 241 508
"254" 5.817147 241 508
"255" 5.839327 241 508
"256" 5.861578 241 508
"257" 5.883857 241 504
"258" 5.906201 241 504
"259" 5.928803 241 504
"260" 5.955976 241 504
"261" 5.973164 241 504
"262" 5.995539 241 504
"263" 6.017844 241 504
"264" 6.040004 241 504
"265" 6.06231 241 504
"266" 6.084494 241 504
"267" 6.106704 241 504
"268" 6.128732 241 504
"269" 6.151062 241 504
"270" 6.173081 241 504
"271" 6.195475 241 510
"272" 6.228348 241 510
"273" 6.244935 241 510
"274" 6.269329 241 510
"275" 6.287042 241 510
"276" 6.304627 241 510
"277" 6.326827 241 510
"278" 6.349112 241 510
"279" 6.371535 241 510
"280" 6.393545 241 510
"281" 6.415717 241 510
"282" 6.437889 241 510
"283" 6.460181 241 510
"284" 6.482476 241 510
"285" 6.504658 241 510
"286" 6.526736 241 510
"287" 6.548997 241 510
"288" 6.57133 241 510
"289" 6.593495 241 510
"290" 6.615595 241 510
"291" 6.637895 240 568
"292" 6.660332 240 568
"293" 6.682405 240 568
"294" 6.704468 240 568
"295" 6.726741 240 568
"296" 6.753899 240 568
"297" 6.771059 240 568
"298" 6.793381 240 568
"299" 6.815458 240 568
"300" 6.837833 240 568
"301" 6.859982 240 568
"302" 6.882377 240 568
"303" 6.9046 240 568
"304" 6.926586 240 568
"305" 6.948792 239 496
"306" 6.971224 239 496
"307" 6.993256 239 496
"308" 7.015649 239 496
"309" 7.037745 239 496
"310" 7.066624 239 496
"311" 7.082459 239 496
"312" 7.104383 239 496
"313" 7.126581 239 496
"314" 7.148894 239 496
"315" 7.171467 239 496
"316" 7.193858 239 496
"317" 7.21587 239 496
"318" 7.238132 239 496
"319" 7.260302 238 503
"320" 7.282498 238 503
"321" 7.304828 238 503
"322" 7.326937 238 503
"323" 7.349209 238 503
"324" 7.37927 238 503
"325" 7.394467 238 503
"326" 7.415258 238 503
"327" 7.437438 238 503
"328" 7.459687 238 503
"329" 7.481949 238 503
"330" 7.504262 238 503
"331" 7.526417 238 503
"332" 7.548418 237 501
"333" 7.570871 237 501
"334" 7.593094 237 501
"335" 7.615389 237 501
"336" 7.637563 237 501
"337" 7.65968 237 501
"338" 7.685631 237 501
"339" 7.703939 237 501
"340" 7.726292 237 501
"341" 7.748488 237 501
"342" 7.770681 237 501
"343" 7.792853 237 501
"344" 7.815258 237 501
"345" 7.837213 236 515
"346" 7.859829 236 515
"347" 7.881681 236 515
"348" 7.904188 236 515
"349" 7.926534 236 515
"350" 7.948209 236 515
"351" 7.970778 236 515
"352" 7.999864 236 515
"353" 8.015857 236 515
"354" 8.037218 236 515
"355" 8.059601 236 515
"356" 8.081648 236 515
"357" 8.103831 236 515
"358" 8.126196 236 515
"359" 8.148168 235 523
"360" 8.170599 235 523
"361" 8.192921 235 523
"362" 8.21511 235 523
"363" 8.237355 235 523
"364" 8.259493 235 523
"365" 8.281632 235 523
"366" 8.309157 235 523
"367" 8.326042 235 523
"368" 8.348289 235 523
"369" 8.370483 235 523
"370" 8.392855 235 523
"371" 8.415124 235 523
"372" 8.43718 235 523
"373" 8.4595 233 508
"374" 8.481589 233 508
"375" 8.503883 233 508
"376" 8.526022 233 508
"377" 8.548193 233 508
"378" 8.570463 233 508
"379" 8.592661 233 508
"380" 8.622568 233 508
"381" 8.639923 233 508
"382" 8.659354 233 508
"383" 8.681366 233 508
"384" 8.703548 233 508
"385" 8.725802 233 508
"386" 8.748223 232 513
"387" 8.7704 232 513
"388" 8.792515 232 513
"389" 8.814532 232 513
"390" 8.836807 232 513
"391" 8.859087 232 513
"392" 8.881296 232 513
"393" 8.903757 232 513
"394" 8.932364 232 513
"395" 8.948226 232 513
"396" 8.970264 232 513
"397" 9.006199 232 513
"398" 9.02405 232 513
"399" 9.041602 232 513
"400" 9.059136 232 513
"401" 9.081259 232 513
"402" 9.103369 232 513
"403" 9.12562 232 513
"404" 9.147879 232 513
"405" 9.170044 232 513
"406" 9.192414 232 513
"407" 9.214489 231 505
"408" 9.236856 231 505
"409" 9.258869 231 505
"410" 9.281141 231 505
"411" 9.30332 231 505
"412" 9.325589 231 505
"413" 9.34772 231 505
"414" 9.370026 231 505
"415" 9.39622 231 505
"416" 9.414615 231 505
"417" 9.436561 231 505
"418" 9.458731 231 505
"419" 9.48118 231 505
"420" 9.503415 231 505
"421" 9.525867 233 518
"422" 9.552877 233 518
"423" 9.56986 233 518
"424" 9.592225 233 518
"425" 9.61421 233 518
"426" 9.636551 233 518
"427" 9.658757 233 518
"428" 9.680901 233 518
"429" 9.703194 233 518
"430" 9.725522 233 518
"431" 9.747659 233 518
"432" 9.769699 233 518
"433" 9.792124 233 518
"434" 9.814106 233 518
"435" 9.836912 233 518
"436" 9.858736 245 560
"437" 9.880999 245 560
"438" 9.903458 245 560
"439" 9.92549 245 560
"440" 9.947436 245 560
"441" 9.969794 245 560
"442" 9.991934 245 560
"443" 10.01949 245 560
"444" 10.03652 245 560
"445" 10.05941 245 560
"446" 10.08219 245 560
"447" 10.10464 245 560
"448" 10.12714 259 422
"449" 10.14948 259 422
"450" 10.17883 259 422
"451" 10.19631 259 422
"452" 10.21404 259 422
"453" 10.23618 259 422
"454" 10.25834 259 422
"455" 10.28073 259 422
"456" 10.30301 259 422
"457" 10.32514 259 422
"458" 10.34731 259 422
"459" 10.36954 259 422
"460" 10.39185 260 576
"461" 10.41401 267 563
"462" 10.43632 267 563
"463" 10.45843 267 563
"464" 10.48679 267 563
"465" 10.50301 267 563
"466" 10.52515 267 563
"467" 10.54728 267 563
"468" 10.5695 267 563
"469" 10.59172 267 563
"470" 10.6139 267 563
"471" 10.63609 267 563
"472" 10.6583 267 563
"473" 10.68033 267 563
"474" 10.70268 269 558
"475" 10.7251 269 558
"476" 10.74722 269 558
"477" 10.76938 269 558
"478" 10.79589 269 558
"479" 10.81369 269 558
"480" 10.83602 269 558
"481" 10.85834 269 558
"482" 10.88044 269 558
"483" 10.90296 269 558
"484" 10.92532 269 558
"485" 10.94772 269 558
"486" 10.97008 269 558
"487" 10.99245 269 558
"488" 11.01467 271 487
"489" 11.03717 271 487
"490" 11.05907 271 487
"491" 11.08136 271 487
"492" 11.10893 271 487
"493" 11.12666 271 487
"494" 11.14785 271 487
"495" 11.17015 271 487
"496" 11.19243 271 487
"497" 11.21474 271 487
"498" 11.2372 271 487
"499" 11.2596 271 487
"500" 11.28206 271 487
"501" 11.30412 271 487
"502" 11.3266 271 487
"503" 11.34857 271 487
"504" 11.3711 271 487
"505" 11.39332 271 487
"506" 11.41535 271 487
"507" 11.4374 269 523
"508" 11.45976 268 480
"509" 11.4819 268 480
"510" 11.50417 268 480
"511" 11.5265 268 480
"512" 11.54849 268 480
"513" 11.5762 268 480
"514" 11.59285 268 480
"515" 11.6152 268 480
"516" 11.63734 268 480
"517" 11.65961 268 480
"518" 11.682 268 480
"519" 11.70413 268 480
"520" 11.72636 268 480
"521" 11.74847 267 478
"522" 11.77073 267 515
"523" 11.793 267 515
"524" 11.81514 267 515
"525" 11.83742 267 515
"526" 11.87135 267 515
"527" 11.90032 267 515
"528" 11.91758 267 515
"529" 11.93379 267 515
"530" 11.94948 267 515
"531" 11.96879 267 515
"532" 11.99119 267 515
"533" 12.0245 267 515
"534" 12.05787 267 515
"535" 12.0914 266 438
"536" 12.12442 266 438
"537" 12.15771 266 438
"538" 12.191 266 438
"539" 12.22449 266 438
"540" 12.25758 266 438
"541" 12.29105 266 438
"542" 12.32435 266 438
"543" 12.35767 268 519
"544" 12.39089 268 519
"545" 12.42411 268 519
"546" 12.45749 268 519
"547" 12.49092 268 519
"548" 12.52431 268 519
"549" 12.55751 268 519
"550" 12.59088 268 519
"551" 12.62427 268 519
"552" 12.65754 270 592
"553" 12.69084 270 592
"554" 12.72412 270 592
"555" 12.75739 270 592
"556" 12.77948 270 592
"557" 12.80183 270 592
"558" 12.82407 270 592
"559" 12.84616 270 592
"560" 12.86844 270 592
"561" 12.89073 270 592
"562" 12.91289 270 592
"563" 12.93508 270 592
"564" 12.95719 278 504
"565" 12.97955 278 504
"566" 13.00178 278 504
"567" 13.03092 278 504
"568" 13.04775 278 504
"569" 13.06832 278 504
"570" 13.09071 278 504
"571" 13.11292 278 504
"572" 13.13508 278 504
"573" 13.1573 278 504
"574" 13.17936 278 504
"575" 13.20162 278 504
"576" 13.22392 278 504
"577" 13.2462 288 491
"578" 13.26827 288 491
"579" 13.29087 288 491
"580" 13.31311 288 491
"581" 13.34111 288 491
"582" 13.35757 288 491
"583" 13.37984 288 491
"584" 13.40209 288 491
"585" 13.42406 288 491
"586" 13.44627 288 491
"587" 13.46858 288 491
"588" 13.49082 288 491
"589" 13.513 288 491
"590" 13.53525 288 491
"591" 13.55738 294 483
"592" 13.57981 294 483
"593" 13.60194 294 483
"594" 13.62423 294 483
"595" 13.652 294 483
"596" 13.66833 294 483
"597" 13.69078 294 483
"598" 13.71287 294 483
"599" 13.73532 294 483
"600" 13.75755 294 483
"601" 13.78011 294 483
"602" 13.80248 294 483
"603" 13.82487 294 483
"604" 13.84729 294 483
"605" 13.86953 294 483
"606" 13.89156 294 483
"607" 13.91398 294 483
"608" 13.93625 294 483
"609" 13.95813 294 483
"610" 13.98048 294 483
"611" 14.00317 296 499
"612" 14.02496 296 499
"613" 14.04722 296 499
"614" 14.06942 296 499
"615" 14.09164 296 499
"616" 14.11898 296 499
"617" 14.136 296 499
"618" 14.15828 296 499
"619" 14.18053 296 499
"620" 14.20253 296 499
"621" 14.22479 296 499
"622" 14.24707 296 499
"623" 14.26924 296 499
"624" 14.29137 296 499
"625" 14.31371 295 520
"626" 14.33575 295 520
"627" 14.35809 295 520
"628" 14.38059 295 520
"629" 14.40311 295 520
"630" 14.43247 295 520
"631" 14.44825 295 520
"632" 14.4678 295 520
"633" 14.48997 295 520
"634" 14.5121 295 520
"635" 14.53438 295 520
"636" 14.55673 295 520
"637" 14.57867 295 520
"638" 14.60123 294 531
"639" 14.62342 294 531
"640" 14.64541 294 531
"641" 14.66756 294 531
"642" 14.68988 294 531
"643" 14.71206 294 531
"644" 14.74088 294 531
"645" 14.75641 294 531
"646" 14.77854 294 531
"647" 14.80094 294 531
"648" 14.82319 294 531
"649" 14.84526 294 531
"650" 14.8676 294 531
"651" 14.88963 294 531
"652" 14.91193 292 543
"653" 14.93404 292 543
"654" 14.95634 292 543
"655" 14.97856 292 543
"656" 15.00077 292 543
"657" 15.02313 292 543
"658" 15.04981 292 543
"659" 15.0674 292 543
"660" 15.0898 292 543
"661" 15.11186 292 543
"662" 15.13406 292 543
"663" 15.15652 292 543
"664" 15.17918 292 543
"665" 15.20118 287 497
"666" 15.22344 287 497
"667" 15.24578 287 497
"668" 15.26787 287 497
"669" 15.28997 287 497
"670" 15.31216 287 497
"671" 15.33452 287 497
"672" 15.36429 287 497
"673" 15.38959 287 497
"674" 15.40552 287 497
"675" 15.4236 287 497
"676" 15.4453 287 497
"677" 15.46729 287 497
"678" 15.48959 282 564
"679" 15.51183 282 564
"680" 15.53384 282 564
"681" 15.55603 282 564
"682" 15.57825 282 564
"683" 15.60051 282 564
"684" 15.62275 282 564
"685" 15.64492 282 564
"686" 15.67453 282 564
"687" 15.69074 282 564
"688" 15.7118 282 564
"689" 15.73378 282 564
"690" 15.75598 282 564
"691" 15.77859 282 564
"692" 15.80059 280 486
"693" 15.82274 280 486
"694" 15.84492 280 486
"695" 15.86697 280 486
"696" 15.88937 280 486
"697" 15.91156 280 486
"698" 15.93363 280 486
"699" 15.956 280 486
"700" 15.98484 280 486
"701" 16.00069 280 486
"702" 16.02243 280 486
"703" 16.04485 280 486
"704" 16.06678 280 486
"705" 16.08912 280 486
"706" 16.11188 280 486
"707" 16.13362 280 486
"708" 16.15582 280 486
"709" 16.17793 280 486
"710" 16.20032 280 486
"711" 16.22245 280 486
"712" 16.24469 280 486
"713" 16.26696 281 486
"714" 16.28907 281 486
"715" 16.31154 281 486
"716" 16.33346 281 486
"717" 16.35575 281 486
"718" 16.3779 281 486
"719" 16.40036 281 486
"720" 16.42279 281 486
"721" 16.44972 281 486
"722" 16.46719 281 486
"723" 16.48939 281 486
"724" 16.51174 281 486
"725" 16.53385 281 486
"726" 16.55606 283 521
"727" 16.57841 283 521
"728" 16.60644 283 521
"729" 16.62265 283 521
"730" 16.64495 283 521
"731" 16.66732 283 521
"732" 16.68935 283 521
"733" 16.71185 283 521
"734" 16.73428 283 521
"735" 16.7567 283 521
"736" 16.77907 283 521
"737" 16.80134 283 521
"738" 16.82367 283 521
"739" 16.84568 284 503
"740" 16.86792 284 503
"741" 16.89021 284 503
"742" 16.91767 284 503
"743" 16.93439 284 503
"744" 16.95667 284 503
"745" 16.97899 284 503
"746" 17.00149 284 503
"747" 17.02344 284 503
"748" 17.04566 284 503
"749" 17.06778 284 503
"750" 17.09006 284 503
"751" 17.11222 284 503
"752" 17.13459 284 503
"753" 17.15671 284 486
"754" 17.17909 284 486
"755" 17.20129 284 486
"756" 17.22762 284 486
"757" 17.24569 284 486
"758" 17.26782 284 486
"759" 17.29006 284 486
"760" 17.31232 284 486
"761" 17.33464 284 486
"762" 17.35694 284 486
"763" 17.37942 284 486
"764" 17.40165 284 486
"765" 17.42372 284 486
"766" 17.44593 283 492
"767" 17.46831 283 492
"768" 17.49051 283 492
"769" 17.51265 283 492
"770" 17.54054 283 492
"771" 17.55737 283 492
"772" 17.57906 283 492
"773" 17.60132 283 492
"774" 17.62337 283 492
"775" 17.64573 283 492
"776" 17.66783 283 492
"777" 17.69012 283 492
"778" 17.71217 283 492
"779" 17.73438 283 492
"780" 17.7568 282 479
"781" 17.77879 282 479
"782" 17.80115 282 479
"783" 17.82343 282 479
"784" 17.84964 282 479
"785" 17.86764 282 479
"786" 17.88989 282 479
"787" 17.91275 282 479
"788" 17.93445 282 479
"789" 17.95643 282 479
"790" 17.9789 282 479
"791" 18.0011 282 479
"792" 18.02314 282 479
"793" 18.04537 280 503
"794" 18.0677 280 503
"795" 18.08995 280 503
"796" 18.11219 280 503
"797" 18.13448 280 503
"798" 18.16187 280 503
"799" 18.17853 280 503
"800" 18.20106 280 503
"801" 18.22308 280 503
"802" 18.24538 280 503
"803" 18.26765 280 503
"804" 18.29003 280 503
"805" 18.31214 280 503
"806" 18.33433 280 503
"807" 18.35667 279 514
"808" 18.37874 279 514
"809" 18.40102 279 514
"810" 18.42332 279 514
"811" 18.44543 279 514
"812" 18.47331 279 514
"813" 18.50739 279 514
"814" 18.52447 279 514
"815" 18.54103 279 514
"816" 18.55758 279 514
"817" 18.57678 279 514
"818" 18.59928 279 514
"819" 18.62142 279 514
"820" 18.64362 279 514
"821" 18.66588 279 514
"822" 18.68798 279 514
"823" 18.71032 279 514
"824" 18.73247 279 514
"825" 18.7547 279 514
"826" 18.77687 279 514
"827" 18.79893 277 524
"828" 18.82132 277 524
"829" 18.84363 277 524
"830" 18.86565 277 524
"831" 18.88781 277 524
"832" 18.91009 277 524
"833" 18.93796 277 524
"834" 18.95583 277 524
"835" 18.97686 277 524
"836" 18.99901 277 524
"837" 19.0212 277 524
"838" 19.04349 277 524
"839" 19.06557 277 524
"840" 19.08782 277 524
"841" 19.11015 275 505
"842" 19.13214 275 505
"843" 19.15454 275 505
"844" 19.1766 275 505
"845" 19.19909 275 505
"846" 19.22108 275 505
"847" 19.24922 275 505
"848" 19.26559 275 505
"849" 19.28769 275 505
"850" 19.30991 275 505
"851" 19.33208 275 505
"852" 19.35438 275 505
"853" 19.37662 275 505
"854" 19.39885 275 524
"855" 19.42092 275 524
"856" 19.44333 275 524
"857" 19.46551 275 524
"858" 19.48766 275 524
"859" 19.50986 275 524
"860" 19.53211 275 524
"861" 19.55787 275 524
"862" 19.57655 275 524
"863" 19.59875 275 524
"864" 19.62088 275 524
"865" 19.64383 275 524
"866" 19.66652 275 524
"867" 19.68904 275 524
"868" 19.71103 274 518
"869" 19.73319 274 518
"870" 19.75542 274 518
"871" 19.77766 274 518
"872" 19.80011 274 518
"873" 19.82198 274 518
"874" 19.84467 274 518
"875" 19.87284 274 518
"876" 19.88889 274 518
"877" 19.91058 274 518
"878" 19.93265 274 518
"879" 19.95506 274 518
"880" 19.97729 274 518
"881" 19.99943 274 497
"882" 20.02169 274 497
"883" 20.04382 274 497
"884" 20.06615 274 497
"885" 20.08846 274 497
"886" 20.11052 274 497
"887" 20.13276 274 497
"888" 20.15494 274 497
"889" 20.18325 274 497
"890" 20.19954 274 497
"891" 20.22142 274 497
"892" 20.24374 274 497
"893" 20.26583 274 497
"894" 20.28827 273 505
"895" 20.31061 273 505
"896" 20.33831 273 505
"897" 20.35463 273 505
"898" 20.37694 273 505
"899" 20.39947 273 505
"900" 20.42133 273 505
"901" 20.4437 273 505
"902" 20.46593 273 505
"903" 20.48812 273 505
"904" 20.5104 273 505
"905" 20.53254 273 505
"906" 20.5547 273 505
"907" 20.57685 273 505
"908" 20.59942 275 622
"909" 20.62173 275 622
"910" 20.64765 275 622
"911" 20.66594 275 622
"912" 20.6882 275 622
"913" 20.71065 275 622
"914" 20.73284 275 622
"915" 20.75489 275 622
"916" 20.77722 275 622
"917" 20.79936 275 622
"918" 20.8215 275 622
"919" 20.84382 275 622
"920" 20.86595 275 622
"921" 20.88817 275 622
"922" 20.91066 275 622
"923" 20.93282 275 622
"924" 20.95518 275 622
"925" 20.97738 275 622
"926" 20.9997 275 622
"927" 21.02177 275 622
"928" 21.04398 275 622
"929" 21.06657 278 495
"930" 21.08878 278 495
"931" 21.11456 278 495
"932" 21.13351 278 495
"933" 21.15602 278 495
"934" 21.1784 278 495
"935" 21.20086 278 495
"936" 21.22316 278 495
"937" 21.24556 278 495
"938" 21.26775 278 495
"939" 21.29004 278 495
"940" 21.31223 278 495
"941" 21.33455 278 495
"942" 21.35652 280 515
"943" 21.37904 280 515
"944" 21.40115 280 515
"945" 21.42799 280 515
"946" 21.4446 280 515
"947" 21.46634 280 515
"948" 21.48855 280 515
"949" 21.51085 280 515
"950" 21.53285 280 515
"951" 21.55501 280 515
"952" 21.57737 280 515
"953" 21.5995 280 515
"954" 21.62195 280 515
"955" 21.64408 280 515
"956" 21.66617 281 511
"957" 21.68858 281 507
"958" 21.71064 281 507
"959" 21.73993 281 507
"960" 21.75569 281 507
"961" 21.77556 281 507
"962" 21.79794 281 507
"963" 21.81992 281 507
"964" 21.84228 281 507
"965" 21.86452 281 507
"966" 21.88655 281 507
"967" 21.9087 281 507
"968" 21.9311 281 507
"969" 21.95328 280 521
"970" 21.9756 280 521
"971" 21.99773 280 521
"972" 22.02019 280 521
"973" 22.04724 280 521
"974" 22.06418 280 521
"975" 22.08663 280 521
"976" 22.1088 280 521
"977" 22.13092 280 521
"978" 22.15317 280 521
"979" 22.17556 280 521
"980" 22.19761 280 521
"981" 22.21969 280 521
"982" 22.24197 278 528
"983" 22.26467 278 528
"984" 22.28654 278 528
"985" 22.3086 278 528
"986" 22.33086 278 528
"987" 22.36011 278 528
"988" 22.37814 278 528
"989" 22.39754 278 528
"990" 22.41981 278 528
"991" 22.44182 278 528
"992" 22.46427 278 528
"993" 22.48671 278 528
"994" 22.50869 278 528
"995" 22.53099 278 528
"996" 22.55315 276 523
"997" 22.57554 276 523
"998" 22.59755 276 523
"999" 22.61991 276 523
"1000" 22.64197 276 523
"1001" 22.6715 276 523
"1002" 22.6874 276 523
"1003" 22.70848 276 523
"1004" 22.73073 276 523
"1005" 22.75279 276 523
"1006" 22.7896 276 523
"1007" 22.8068 276 523
"1008" 22.82355 276 523
"1009" 22.84163 276 523
"1010" 22.86381 276 492
"1011" 22.88622 276 492
"1012" 22.90836 276 492
"1013" 22.93058 276 492
"1014" 22.95255 276 492
"1015" 22.97493 276 492
"1016" 23.00365 276 492
"1017" 23.02069 276 492
"1018" 23.04171 276 492
"1019" 23.06376 276 492
"1020" 23.08596 276 492
"1021" 23.1082 276 492
"1022" 23.13041 276 492
"1023" 23.15273 277 519
"1024" 23.17485 277 519
"1025" 23.19732 277 519
"1026" 23.21919 277 519
"1027" 23.24138 277 519
"1028" 23.26371 277 519
"1029" 23.28594 277 519
"1030" 23.31183 277 519
"1031" 23.33031 277 519
"1032" 23.35249 277 519
"1033" 23.37478 277 519
"1034" 23.397 277 519
"1035" 23.41925 277 519
"1036" 23.44145 277 519
"1037" 23.46362 277 519
"1038" 23.48587 277 519
"1039" 23.50803 277 519
"1040" 23.53034 277 519
"1041" 23.5524 277 519
"1042" 23.57464 277 519
"1043" 23.59702 277 539
"1044" 23.6191 277 539
"1045" 23.64136 277 539
"1046" 23.66354 277 539
"1047" 23.68573 277 539
"1048" 23.70788 277 539
"1049" 23.73022 277 539
"1050" 23.75252 277 539
"1051" 23.78111 277 539
"1052" 23.7975 277 539
"1053" 23.81924 277 539
"1054" 23.84131 277 539
"1055" 23.86405 277 539
"1056" 23.88616 277 521
"1057" 23.90853 276 483
"1058" 23.93423 276 483
"1059" 23.95275 276 483
"1060" 23.97502 276 483
"1061" 23.99727 276 483
"1062" 24.01946 276 483
"1063" 24.0417 276 483
"1064" 24.06395 276 483
"1065" 24.08612 276 483
"1066" 24.10853 276 483
"1067" 24.13067 276 483
"1068" 24.15277 276 483
"1069" 24.17527 276 483
"1070" 24.19717 276 483
"1071" 24.2195 274 512
"1072" 24.24821 274 512
"1073" 24.26583 274 512
"1074" 24.286 274 512
"1075" 24.30829 274 512
"1076" 24.33048 274 512
"1077" 24.35259 274 512
"1078" 24.37504 274 512
"1079" 24.39717 274 512
"1080" 24.41942 274 512
"1081" 24.44162 274 512
"1082" 24.46384 274 512
"1083" 24.48609 274 512
"1084" 24.5083 273 514
"1085" 24.53074 273 514
"1086" 24.5576 273 514
"1087" 24.57495 273 514
"1088" 24.59727 273 514
"1089" 24.61926 273 514
"1090" 24.64148 273 514
"1091" 24.66393 273 514
"1092" 24.68632 273 514
"1093" 24.70837 273 514
"1094" 24.73038 273 514
"1095" 24.75266 273 514
"1096" 24.7748 273 514
"1097" 24.79705 271 531
"1098" 24.81959 271 531
"1099" 24.84145 271 531
"1100" 24.86965 271 531
"1101" 24.88581 271 531
"1102" 24.90813 271 531
"1103" 24.93052 271 531
"1104" 24.95246 271 531
"1105" 24.97507 271 531
"1106" 24.99759 271 531
"1107" 25.0199 271 531
"1108" 25.04197 271 531
"1109" 25.06437 271 531
"1110" 25.08639 271 531
"1111" 25.10854 271 495
"1112" 25.13087 271 495
"1113" 25.15309 271 495
"1114" 25.17949 271 495
"1115" 25.19759 271 495
"1116" 25.21953 271 495
"1117" 25.24183 271 495
"1118" 25.26408 271 495
"1119" 25.28647 271 495
"1120" 25.30862 271 495
"1121" 25.33087 271 495
"1122" 25.35287 271 495
"1123" 25.37517 271 495
"1124" 25.39743 270 505
"1125" 25.41957 270 505
"1126" 25.44176 270 505
"1127" 25.46406 270 505
"1128" 25.49247 270 505
"1129" 25.50993 270 505
"1130" 25.53037 270 505
"1131" 25.55253 270 505
"1132" 25.57475 270 505
"1133" 25.59684 270 505
"1134" 25.61911 270 505
"1135" 25.64143 270 505
"1136" 25.6635 270 505
"1137" 25.68578 270 505
"1138" 25.70795 270 505
"1139" 25.73009 270 505
"1140" 25.75231 270 505
"1141" 25.78836 270 505
"1142" 25.80493 270 505
"1143" 25.82154 270 505
"1144" 25.84033 270 505
"1145" 25.86244 269 607
"1146" 25.88492 269 607
"1147" 25.90709 269 607
"1148" 25.92916 269 607
"1149" 25.95163 269 607
"1150" 25.97866 269 607
"1151" 25.99661 269 607
"1152" 26.01825 269 607
"1153" 26.04049 269 607
"1154" 26.06239 269 607
"1155" 26.08461 269 607
"1156" 26.10692 269 607
"1157" 26.12905 269 607
"1158" 26.1514 268 494
"1159" 26.17357 268 494
"1160" 26.19582 268 494
"1161" 26.21795 268 494
"1162" 26.24031 268 494
"1163" 26.26228 268 494
"1164" 26.28875 268 494
"1165" 26.30691 268 494
"1166" 26.32903 268 494
"1167" 26.35121 268 494
"1168" 26.37336 268 494
"1169" 26.39565 268 494
"1170" 26.41809 268 494
"1171" 26.4399 267 496
"1172" 26.46241 267 496
"1173" 26.48454 267 496
"1174" 26.50671 267 496
"1175" 26.5288 267 496
"1176" 26.55114 267 496
"1177" 26.57359 267 496
"1178" 26.60058 267 496
"1179" 26.61777 267 496
"1180" 26.63991 267 496
"1181" 26.66227 267 496
"1182" 26.68446 267 496
"1183" 26.70663 267 496
"1184" 26.72888 267 496
"1185" 26.75096 267 496
"1186" 26.77323 267 505
"1187" 26.79559 267 505
"1188" 26.81787 267 505
"1189" 26.84038 267 505
"1190" 26.86304 267 505
"1191" 26.88612 267 505
"1192" 26.91716 267 505
"1193" 26.93624 267 505
"1194" 26.95295 267 505
"1195" 26.97321 267 505
"1196" 26.99544 267 505
"1197" 27.01765 267 505
"1198" 27.03984 266 508
"1199" 27.06193 266 508
"1200" 27.08444 266 508
"1201" 27.10654 266 508
"1202" 27.1287 266 508
"1203" 27.15085 266 508
"1204" 27.17308 266 508
"1205" 27.19545 266 508
"1206" 27.22478 266 508
"1207" 27.24409 266 508
"1208" 27.26176 266 508
"1209" 27.28439 266 508
"1210" 27.30633 266 508
"1211" 27.32856 266 508
"1212" 27.35081 265 507
"1213" 27.38035 265 507
"1214" 27.39767 265 507
"1215" 27.41741 265 507
"1216" 27.43965 265 507
"1217" 27.46172 265 507
"1218" 27.48412 265 507
"1219" 27.50617 265 507
"1220" 27.52861 265 507
"1221" 27.55091 265 507
"1222" 27.57284 265 507
"1223" 27.59497 265 507
"1224" 27.61734 265 507
"1225" 27.63937 265 507
"1226" 27.66167 264 522
"1227" 27.68407 264 522
"1228" 27.70607 264 522
"1229" 27.72838 264 522
"1230" 27.75076 264 522
"1231" 27.77287 264 522
"1232" 27.7951 264 522
"1233" 27.81743 264 522
"1234" 27.8447 264 522
"1235" 27.8621 264 522
"1236" 27.88396 264 522
"1237" 27.90619 264 522
"1238" 27.92813 264 522
"1239" 27.95064 263 483
"1240" 27.97287 263 483
"1241" 28.00089 263 483
"1242" 28.01789 263 483
"1243" 28.03938 263 483
"1244" 28.06169 263 483
"1245" 28.08375 263 483
"1246" 28.10601 263 483
"1247" 28.12909 263 483
"1248" 28.15103 263 483
"1249" 28.17368 263 483
"1250" 28.19597 263 483
"1251" 28.21844 263 483
"1252" 28.24066 263 483
"1253" 28.26327 263 483
"1254" 28.28532 263 483
"1255" 28.30728 263 483
"1256" 28.3296 263 483
"1257" 28.35163 263 483
"1258" 28.37368 263 483
"1259" 28.39597 263 503
"1260" 28.41839 263 503
"1261" 28.4406 263 503
"1262" 28.46742 263 503
"1263" 28.48502 263 503
"1264" 28.50702 263 503
"1265" 28.52913 263 503
"1266" 28.55146 263 503
"1267" 28.57392 263 503
"1268" 28.59593 263 503
"1269" 28.6181 263 503
"1270" 28.64033 263 503
"1271" 28.66251 263 503
"1272" 28.68465 263 503
"1273" 28.70712 262 494
"1274" 28.72927 262 494
"1275" 28.75168 262 494
"1276" 28.78071 262 494
"1277" 28.79767 262 494
"1278" 28.81762 262 494
"1279" 28.83981 262 494
"1280" 28.862 262 494
"1281" 28.88425 262 494
"1282" 28.90652 262 494
"1283" 28.92852 262 494
"1284" 28.95087 262 494
"1285" 28.97297 262 494
"1286" 28.99528 261 498
"1287" 29.01747 261 498
"1288" 29.03965 261 498
"1289" 29.06192 261 498
"1290" 29.08688 261 498
"1291" 29.10648 261 498
"1292" 29.12864 261 498
"1293" 29.15073 261 498
"1294" 29.17289 261 498
"1295" 29.19525 261 498
"1296" 29.21758 261 498
"1297" 29.23959 261 498
"1298" 29.26171 261 498
"1299" 29.28401 261 498
"1300" 29.30654 259 519
"1301" 29.32843 259 519
"1302" 29.35081 259 519
"1303" 29.37291 259 519
"1304" 29.40088 259 519
"1305" 29.4189 259 519
"1306" 29.43941 259 519
"1307" 29.46168 259 519
"1308" 29.48392 259 519
"1309" 29.50652 259 519
"1310" 29.52881 259 519
"1311" 29.5512 259 519
"1312" 29.57354 259 519
"1313" 29.59558 259 525
"1314" 29.61788 259 525
"1315" 29.64011 259 525
"1316" 29.66237 259 525
"1317" 29.68456 259 525
"1318" 29.71341 259 525
"1319" 29.72963 259 525
"1320" 29.75018 259 525
"1321" 29.77242 259 525
"1322" 29.79451 259 525
"1323" 29.8168 259 525
"1324" 29.83896 259 525
"1325" 29.86138 259 525
"1326" 29.88339 259 525
"1327" 29.90554 259 525
"1328" 29.92788 258 511
"1329" 29.95 258 511
"1330" 29.97216 258 511
"1331" 29.99446 258 511
"1332" 30.0216 258 511
"1333" 30.03881 258 511
"1334" 30.06122 258 511
"1335" 30.08349 258 511
"1336" 30.10542 258 511
"1337" 30.12772 258 511
"1338" 30.15002 258 511
"1339" 30.17203 258 511
"1340" 30.1944 258 511
"1341" 30.21701 257 505
"1342" 30.239 257 505
"1343" 30.261 257 505
"1344" 30.28348 257 505
"1345" 30.30568 257 505
"1346" 30.33591 257 505
"1347" 30.35293 257 505
"1348" 30.37159 257 505
"1349" 30.39388 257 505
"1350" 30.41605 257 505
"1351" 30.4383 257 505
"1352" 30.46055 257 505
"1353" 30.48274 257 505
"1354" 30.50492 257 505
"1355" 30.52704 257 505
"1356" 30.54923 257 505
"1357" 30.5716 257 505
"1358" 30.59375 257 505
"1359" 30.61597 257 505
"1360" 30.63848 257 505
"1361" 30.66046 256 515
"1362" 30.68272 256 515
"1363" 30.70486 256 515
"1364" 30.72703 256 515
"1365" 30.74914 256 515
"1366" 30.77155 256 515
"1367" 30.79796 256 515
"1368" 30.81578 256 515
"1369" 30.83795 256 515
"1370" 30.86036 256 515
"1371" 30.88268 256 515
"1372" 30.90474 256 515
"1373" 30.92702 256 515
"1374" 30.94897 256 515
"1375" 30.97149 255 482
"1376" 30.99365 255 482
"1377" 31.01574 255 482
"1378" 31.0381 255 482
"1379" 31.06023 255 482
"1380" 31.08248 255 482
"1381" 31.11066 255 482
"1382" 31.12677 255 482
"1383" 31.14952 255 482
"1384" 31.17196 255 482
"1385" 31.19447 255 482
"1386" 31.21693 255 482
"1387" 31.23923 254 474
"1388" 31.26124 254 496
"1389" 31.28372 254 496
"1390" 31.30572 254 496
"1391" 31.32794 254 496
"1392" 31.35004 254 496
"1393" 31.37222 254 496
"1394" 31.39484 254 496
"1395" 31.42338 254 496
"1396" 31.43941 254 496
"1397" 31.46062 254 496
"1398" 31.48281 254 496
"1399" 31.52182 254 496
"1400" 31.53905 254 512
"1401" 31.55595 254 511
"1402" 31.58186 254 511
"1403" 31.59765 254 511
"1404" 31.61547 254 511
"1405" 31.63774 254 511
"1406" 31.65993 254 511
"1407" 31.68203 254 511
"1408" 31.70446 254 511
"1409" 31.72671 254 511
"1410" 31.74873 254 511
"1411" 31.77094 254 511
"1412" 31.79339 254 511
"1413" 31.81545 254 511
"1414" 31.83766 254 511
"1415" 31.85991 253 483
"1416" 31.88213 253 483
"1417" 31.91188 253 483
"1418" 31.92904 253 483
"1419" 31.94868 253 483
"1420" 31.97091 253 483
"1421" 31.99312 253 483
"1422" 32.01541 253 483
"1423" 32.03767 253 483
"1424" 32.05994 253 483
"1425" 32.08204 253 483
"1426" 32.10416 253 483
"1427" 32.12648 253 483
"1428" 32.14858 252 504
"1429" 32.17093 252 504
"1430" 32.19314 252 504
"1431" 32.22247 252 504
"1432" 32.23857 252 504
"1433" 32.25972 252 504
"1434" 32.2818 252 504
"1435" 32.30405 252 504
"1436" 32.32647 252 504
"1437" 32.34863 252 504
"1438" 32.37083 252 504
"1439" 32.39302 252 504
"1440" 32.41512 252 504
"1441" 32.43723 252 504
"1442" 32.45978 252 512
"1443" 32.4819 252 512
"1444" 32.50407 252 512
"1445" 32.53373 252 512
"1446" 32.55155 252 512
"1447" 32.57062 252 512
"1448" 32.59282 252 512
"1449" 32.61512 252 512
"1450" 32.63741 252 512
"1451" 32.65973 252 512
"1452" 32.68169 252 512
"1453" 32.70396 252 512
"1454" 32.72619 252 512
"1455" 32.7482 251 528
"1456" 32.77056 251 528
"1457" 32.79288 251 528
"1458" 32.81504 251 528
"1459" 32.84234 251 528
"1460" 32.86058 251 528
"1461" 32.88166 251 528
"1462" 32.90383 251 528
"1463" 32.92606 251 528
"1464" 32.94822 251 528
"1465" 32.97052 251 528
"1466" 32.99261 251 528
"1467" 33.01492 251 528
"1468" 33.03727 251 528
"1469" 33.05926 251 528
"1470" 33.0816 251 528
"1471" 33.10375 251 528
"1472" 33.12606 251 528
"1473" 33.1484 251 528
"1474" 33.17044 251 528
"1475" 33.19276 251 528
"1476" 33.21474 250 515
"1477" 33.23692 250 515
"1478" 33.25927 250 515
"1479" 33.28173 250 515
"1480" 33.30818 250 515
"1481" 33.32643 250 515
"1482" 33.34889 250 515
"1483" 33.37147 250 515
"1484" 33.39406 250 515
"1485" 33.41643 250 515
"1486" 33.43892 250 515
"1487" 33.46109 250 515
"1488" 33.48326 250 515
"1489" 33.5056 248 529
"1490" 33.52766 248 529
"1491" 33.54981 248 529
"1492" 33.57237 248 529
"1493" 33.59497 248 529
"1494" 33.62211 248 529
"1495" 33.63889 248 529
"1496" 33.66133 248 529
"1497" 33.68356 248 529
"1498" 33.70572 248 529
"1499" 33.72789 248 529
"1500" 33.75032 248 529
"1501" 33.77239 248 529
"1502" 33.79462 248 479
"1503" 33.81692 248 479
"1504" 33.83921 248 479
"1505" 33.86122 248 479
"1506" 33.88372 248 479
"1507" 33.90628 248 479
"1508" 33.93515 248 479
"1509" 33.95337 248 479
"1510" 33.96991 248 479
"1511" 33.9924 248 479
"1512" 34.0145 248 479
"1513" 34.03695 248 479
"1514" 34.0593 248 479
"1515" 34.08113 248 479
"1516" 34.10322 249 522
"1517" 34.12558 249 522
"1518" 34.14762 249 522
"1519" 34.16972 249 522
"1520" 34.19223 249 522
"1521" 34.21446 249 522
"1522" 34.2408 249 522
"1523" 34.25884 249 522
"1524" 34.281 249 522
"1525" 34.30312 249 522
"1526" 34.32528 249 522
"1527" 34.3475 249 522
"1528" 34.36989 249 522
"1529" 34.39202 248 569
"1530" 34.41449 248 569
"1531" 34.43653 248 569
"1532" 34.45872 248 569
"1533" 34.4808 248 569
"1534" 34.50304 248 569
"1535" 34.52534 248 569
"1536" 34.55468 248 569
"1537" 34.57152 248 569
"1538" 34.59214 248 569
"1539" 34.61423 248 569
"1540" 34.63635 248 569
"1541" 34.65857 248 569
"1542" 34.68079 248 569
"1543" 34.70319 248 569
"1544" 34.7254 247 506
"1545" 34.7475 247 506
"1546" 34.76973 247 506
"1547" 34.79186 247 506
"1548" 34.81408 247 506
"1549" 34.83625 247 506
"1550" 34.86525 247 506
"1551" 34.88153 247 506
"1552" 34.90277 247 506
"1553" 34.92507 247 506
"1554" 34.94725 247 506
"1555" 34.96967 247 506
"1556" 34.99177 247 506
"1557" 35.014 246 498
"1558" 35.03638 246 498
"1559" 35.05844 246 498
"1560" 35.0805 246 498
"1561" 35.10281 246 498
"1562" 35.12497 246 498
"1563" 35.14719 246 498
"1564" 35.17492 246 498
"1565" 35.19155 246 498
"1566" 35.21386 246 498
"1567" 35.23595 246 498
"1568" 35.25824 246 498
"1569" 35.28078 246 498
"1570" 35.30313 246 498
"1571" 35.32537 246 498
"1572" 35.34742 246 498
"1573" 35.36968 246 498
"1574" 35.3919 246 498
"1575" 35.4141 246 498
"1576" 35.43645 246 498
"1577" 35.45857 249 506
"1578" 35.48082 249 506
"1579" 35.50293 249 506
"1580" 35.52521 249 506
"1581" 35.5476 249 506
"1582" 35.56965 249 506
"1583" 35.59217 249 506
"1584" 35.61456 249 506
"1585" 35.64185 249 506
"1586" 35.65929 249 506
"1587" 35.68175 249 506
"1588" 35.70427 249 506
"1589" 35.72653 249 506
"1590" 35.74874 252 540
"1591" 35.77104 252 540
"1592" 35.79718 252 540
"1593" 35.81521 252 540
"1594" 35.83754 252 540
"1595" 35.85975 252 540
"1596" 35.88199 252 540
"1597" 35.90449 252 540
"1598" 35.92701 252 540
"1599" 35.94928 252 540
"1600" 35.97153 252 540
"1601" 35.99408 252 540
"1602" 36.01619 252 540
"1603" 36.03828 252 540
"1604" 36.0603 252 519
"1605" 36.08287 252 519
"1606" 36.11035 252 519
"1607" 36.12782 252 519
"1608" 36.14833 252 519
"1609" 36.17067 252 519
"1610" 36.1928 252 519
"1611" 36.21507 252 519
"1612" 36.23746 252 519
"1613" 36.25964 252 519
"1614" 36.28175 252 519
"1615" 36.30399 252 519
"1616" 36.32638 252 519
"1617" 36.34845 256 521
"1618" 36.37061 259 515
"1619" 36.41096 259 515
"1620" 36.43784 259 515
"1621" 36.45761 259 515
"1622" 36.48004 259 515
"1623" 36.50211 259 515
"1624" 36.52432 259 515
"1625" 36.54666 259 515
"1626" 36.56897 259 515
"1627" 36.59104 259 515
"1628" 36.61318 259 515
"1629" 36.63548 259 515
"1630" 36.65763 260 505
"1631" 36.67999 260 505
"1632" 36.70201 260 505
"1633" 36.72431 260 505
"1634" 36.75195 260 505
"1635" 36.76852 260 505
"1636" 36.79098 260 505
"1637" 36.81311 260 505
"1638" 36.83556 260 505
"1639" 36.85755 260 505
"1640" 36.87989 260 505
"1641" 36.90208 260 505
"1642" 36.92407 260 505
"1643" 36.94646 260 505
"1644" 36.96852 258 499
"1645" 36.99087 258 510
"1646" 37.01311 258 510
"1647" 37.03525 258 510
"1648" 37.06265 258 510
"1649" 37.07962 258 510
"1650" 37.10218 258 510
"1651" 37.12411 258 510
"1652" 37.14635 258 510
"1653" 37.16852 258 510
"1654" 37.1909 258 510
"1655" 37.21289 258 510
"1656" 37.23512 259 510
"1657" 37.25735 259 510
"1658" 37.27956 259 510
"1659" 37.30185 259 510
"1660" 37.32395 259 510
"1661" 37.34632 259 510
"1662" 37.37281 259 510
"1663" 37.39048 259 510
"1664" 37.4128 259 510
"1665" 37.43518 259 510
"1666" 37.45752 259 510
"1667" 37.47957 259 510
"1668" 37.50197 259 510
"1669" 37.52389 259 510
"1670" 37.54609 259 510
"1671" 37.56922 261 504
"1672" 37.59183 261 504
"1673" 37.6146 261 504
"1674" 37.63686 261 504
"1675" 37.6591 261 504
"1676" 37.68867 261 504
"1677" 37.70613 261 504
"1678" 37.72472 261 504
"1679" 37.74752 261 504
"1680" 37.7693 261 504
"1681" 37.79145 261 504
"1682" 37.8127 261 504
"1683" 37.83498 261 504
"1684" 37.85721 261 504
"1685" 37.87938 261 504
"1686" 37.90163 261 504
"1687" 37.92368 261 504
"1688" 37.94641 261 504
"1689" 37.9693 261 504
"1690" 37.99124 261 504
"1691" 38.01343 259 560
"1692" 38.03533 259 560
"1693" 38.05737 259 560
"1694" 38.0792 259 560
"1695" 38.10193 259 560
"1696" 38.1244 259 560
"1697" 38.15403 259 560
"1698" 38.17138 259 560
"1699" 38.19139 259 560
"1700" 38.2155 259 560
"1701" 38.23556 259 560
"1702" 38.25821 259 560
"1703" 38.27991 259 560
"1704" 38.30128 254 501
"1705" 38.32374 254 501
"1706" 38.34571 254 501
"1707" 38.36809 254 501
"1708" 38.39016 254 501
"1709" 38.41247 254 501
"1710" 38.43491 254 501
"1711" 38.46409 254 501
"1712" 38.47934 254 501
"1713" 38.50116 254 501
"1714" 38.52372 254 501
"1715" 38.54594 254 501
"1716" 38.56797 254 501
"1717" 38.59017 254 501
"1718" 38.61248 255 513
"1719" 38.63453 255 513
"1720" 38.65683 255 513
"1721" 38.67944 255 513
"1722" 38.7016 255 513
"1723" 38.72445 255 513
"1724" 38.74879 255 513
"1725" 38.78159 255 513
"1726" 38.79906 255 513
"1727" 38.81673 255 513
"1728" 38.83572 255 513
"1729" 38.85758 255 513
"1730" 38.87966 255 513
"1731" 38.90166 255 513
"1732" 38.92352 254 487
"1733" 38.94557 254 487
"1734" 38.9677 254 487
"1735" 38.9899 254 487
"1736" 39.01217 254 487
"1737" 39.03444 254 487
"1738" 39.05743 254 487
"1739" 39.08723 254 487
"1740" 39.10426 254 487
"1741" 39.12315 254 487
"1742" 39.14565 254 487
"1743" 39.16839 254 487
"1744" 39.19057 254 499
"1745" 39.21257 253 505
"1746" 39.23989 253 505
"1747" 39.25857 253 505
"1748" 39.27901 253 505
"1749" 39.30097 253 505
"1750" 39.32362 253 505
"1751" 39.3458 253 505
"1752" 39.36775 253 505
"1753" 39.38975 253 505
"1754" 39.41193 253 505
"1755" 39.43413 253 505
"1756" 39.45636 253 505
"1757" 39.47875 253 505
"1758" 39.50105 254 496
"1759" 39.52431 254 496
"1760" 39.55382 254 496
"1761" 39.57054 254 496
"1762" 39.59076 254 496
"1763" 39.61317 254 496
"1764" 39.63523 254 496
"1765" 39.65726 254 496
"1766" 39.67957 254 496
"1767" 39.70211 254 496
"1768" 39.7236 254 496
"1769" 39.74604 254 496
"1770" 39.76807 254 496
"1771" 39.79023 255 522
"1772" 39.8124 255 503
"1773" 39.83453 255 503
"1774" 39.8609 255 503
"1775" 39.87973 255 503
"1776" 39.90071 255 503
"1777" 39.92284 255 503
"1778" 39.94501 255 503
"1779" 39.96732 255 503
"1780" 39.98973 255 503
"1781" 40.0134 255 503
"1782" 40.03499 255 503
"1783" 40.05737 255 503
"1784" 40.07903 255 503
"1785" 40.10132 255 503
"1786" 40.12332 255 503
"1787" 40.14542 255 503
"1788" 40.16756 255 503
"1789" 40.18984 255 503
"1790" 40.2118 255 503
"1791" 40.23386 255 503
"1792" 40.25586 255 502
"1793" 40.27827 255 502
"1794" 40.30103 255 502
"1795" 40.33088 255 502
"1796" 40.35312 255 502
"1797" 40.36898 255 502
"1798" 40.38924 255 502
"1799" 40.41143 255 502
"1800" 40.43377 255 502
"1801" 40.45604 255 502
"1802" 40.47808 255 502
"1803" 40.50129 255 502
"1804" 40.52461 255 502
"1805" 40.54573 255 502
"1806" 40.5681 255 510
"1807" 40.5905 255 510
"1808" 40.6126 255 510
"1809" 40.64329 255 510
"1810" 40.66075 255 510
"1811" 40.67922 255 510
"1812" 40.70123 255 510
"1813" 40.72358 255 510
"1814" 40.74643 255 510
"1815" 40.76756 255 510
"1816" 40.78955 255 510
"1817" 40.81128 255 510
"1818" 40.83366 255 510
"1819" 40.85564 254 525
"1820" 40.90041 254 525
"1821" 40.92259 254 525
"1822" 40.95134 254 525
"1823" 40.96836 254 525
"1824" 40.98975 254 525
"1825" 41.01213 254 525
"1826" 41.03402 254 525
"1827" 41.05615 254 525
"1828" 41.07844 254 525
"1829" 41.10051 254 525
"1830" 41.12274 254 525
"1831" 41.14499 254 525
"1832" 41.16669 252 518
"1833" 41.189 252 518
"1834" 41.21106 252 518
"1835" 41.23398 252 518
"1836" 41.26118 252 518
"1837" 41.2776 252 518
"1838" 41.30039 252 518
"1839" 41.32229 252 518
"1840" 41.34436 252 518
"1841" 41.36666 252 518
"1842" 41.38936 252 518
"1843" 41.41153 252 518
"1844" 41.43374 252 518
"1845" 41.45597 251 520
"1846" 41.47818 251 520
"1847" 41.5008 251 520
"1848" 41.5232 251 520
"1849" 41.54562 251 520
"1850" 41.57426 251 520
"1851" 41.59204 251 520
"1852" 41.61211 251 520
"1853" 41.63423 251 520
"1854" 41.65634 251 520
"1855" 41.67865 251 520
"1856" 41.70114 251 520
"1857" 41.72299 251 520
"1858" 41.74535 249 507
"1859" 41.76757 249 507
"1860" 41.78968 249 507
"1861" 41.8118 249 507
"1862" 41.83407 249 507
"1863" 41.85664 249 507
"1864" 41.88532 249 507
"1865" 41.90153 249 507
"1866" 41.92232 249 507
"1867" 41.94456 249 507
"1868" 41.96697 249 507
"1869" 41.98905 249 507
"1870" 42.01155 249 507
"1871" 42.03353 249 507
"1872" 42.0556 249 507
"1873" 42.07788 248 512
"1874" 42.10014 248 512
"1875" 42.12231 248 512
"1876" 42.14458 248 512
"1877" 42.1668 248 512
"1878" 42.196 248 512
"1879" 42.21249 248 512
"1880" 42.23401 248 512
"1881" 42.25597 248 512
"1882" 42.27815 248 512
"1883" 42.30052 248 512
"1884" 42.32299 248 512
"1885" 42.34459 248 512
"1886" 42.36683 247 510
"1887" 42.38977 247 510
"1888" 42.41142 247 510
"1889" 42.43327 247 510
"1890" 42.45519 247 510
"1891" 42.47755 247 510
"1892" 42.50486 247 510
"1893" 42.52187 247 510
"1894" 42.54406 247 510
"1895" 42.56621 247 510
"1896" 42.58862 247 510
"1897" 42.61072 247 510
"1898" 42.63293 247 510
"1899" 42.65516 247 510
"1900" 42.67737 247 510
"1901" 42.69962 247 510
"1902" 42.7218 247 510
"1903" 42.74403 247 510
"1904" 42.76613 247 510
"1905" 42.78857 247 510
"1906" 42.81065 245 450
"1907" 42.83293 245 450
"1908" 42.85506 245 450
"1909" 42.87765 245 450
"1910" 42.90171 245 450
"1911" 42.92225 245 450
"1912" 42.94583 245 450
"1913" 42.97614 245 450
"1914" 42.99489 245 450
"1915" 43.01431 245 450
"1916" 43.0329 245 450
"1917" 43.05511 245 450
"1918" 43.07716 245 450
"1919" 43.09953 244 500
"1920" 43.12652 244 500
"1921" 43.14596 244 500
"1922" 43.16617 244 500
"1923" 43.18801 244 500
"1924" 43.21025 244 500
"1925" 43.23235 244 500
"1926" 43.25485 244 500
"1927" 43.27699 244 500
"1928" 43.29906 244 500
"1929" 43.32144 244 500
"1930" 43.34356 244 500
"1931" 43.36604 244 500
"1932" 43.38821 244 500
"1933" 43.41126 243 505
"1934" 43.44086 243 505
"1935" 43.45695 243 505
"1936" 43.47711 243 505
"1937" 43.49949 243 505
"1938" 43.52163 243 505
"1939" 43.5446 243 505
"1940" 43.56705 243 505
"1941" 43.58917 243 505
"1942" 43.61118 243 505
"1943" 43.63323 243 505
"1944" 43.65543 243 505
"1945" 43.67804 243 505
"1946" 43.70021 242 499
"1947" 43.72241 242 499
"1948" 43.74957 242 499
"1949" 43.76732 242 499
"1950" 43.78859 242 499
"1951" 43.81104 242 499
"1952" 43.83311 242 499
"1953" 43.85531 242 499
"1954" 43.87738 242 499
"1955" 43.89938 242 499
"1956" 43.92122 242 499
"1957" 43.94333 242 499
"1958" 43.96541 242 499
"1959" 43.9881 241 516
"1960" 44.01144 241 516
"1961" 44.03336 241 516
"1962" 44.06422 241 516
"1963" 44.08211 241 516
"1964" 44.09881 241 516
"1965" 44.12089 241 516
"1966" 44.14309 241 516
"1967" 44.16561 241 516
"1968" 44.18787 241 516
"1969" 44.21005 241 516
"1970" 44.23242 241 516
"1971" 44.25458 241 516
"1972" 44.27681 241 516
"1973" 44.29901 241 516
"1974" 44.32203 240 525
"1975" 44.3455 240 525
"1976" 44.37435 240 525
"1977" 44.39236 240 525
"1978" 44.41013 240 525
"1979" 44.43249 240 525
"1980" 44.45467 240 525
"1981" 44.47665 240 525
"1982" 44.499 240 525
"1983" 44.52097 240 525
"1984" 44.54306 240 525
"1985" 44.56544 240 525
"1986" 44.58764 240 525
"1987" 44.6097 238 509
"1988" 44.6321 238 509
"1989" 44.65425 238 509
"1990" 44.68119 238 509
"1991" 44.69857 238 509
"1992" 44.72099 238 509
"1993" 44.74302 238 509
"1994" 44.76517 238 509
"1995" 44.78747 238 509
"1996" 44.80984 238 509
"1997" 44.83188 238 509
"1998" 44.85408 238 509
"1999" 44.87638 238 509
"2000" 44.89864 238 509
"2001" 44.92096 238 509
"2002" 44.94304 238 509
"2003" 44.96526 238 509
"2004" 44.98771 238 509
"2005" 45.00984 238 509
"2006" 45.03231 238 509
"2007" 45.05434 238 509
"2008" 45.07622 237 513
"2009" 45.09887 237 513
"2010" 45.12125 237 513
"2011" 45.15221 237 513
"2012" 45.16885 237 513
"2013" 45.18718 237 513
"2014" 45.20952 237 513
"2015" 45.23173 237 513
"2016" 45.25377 237 513
"2017" 45.27637 237 513
"2018" 45.29865 237 513
"2019" 45.3207 237 513
"2020" 45.34291 237 513
"2021" 45.36513 236 507
"2022" 45.38763 236 507
"2023" 45.40957 236 507
"2024" 45.4317 236 507
"2025" 45.45857 236 507
"2026" 45.47592 236 507
"2027" 45.49819 236 507
"2028" 45.54308 236 507
"2029" 45.56541 236 507
"2030" 45.58765 236 507
"2031" 45.61044 236 507
"2032" 45.6324 236 507
"2033" 45.65402 236 507
"2034" 45.67589 236 507
"2035" 45.69808 235 498
"2036" 45.72059 235 498
"2037" 45.74279 235 498
"2038" 45.77261 235 498
"2039" 45.7898 235 498
"2040" 45.80955 235 498
"2041" 45.83208 235 498
"2042" 45.85435 235 498
"2043" 45.87654 235 498
"2044" 45.89846 235 498
"2045" 45.92053 235 498
"2046" 45.94253 235 498
"2047" 45.96477 234 505
"2048" 45.98767 234 505
"2049" 46.01192 234 505
"2050" 46.03219 234 505
"2051" 46.05493 234 505
"2052" 46.08557 234 505
"2053" 46.1018 234 505
"2054" 46.12248 234 505
"2055" 46.14415 234 505
"2056" 46.16939 234 505
"2057" 46.18814 234 505
"2058" 46.20954 234 505
"2059" 46.23127 234 505
"2060" 46.25348 234 505
"2061" 46.27564 234 596
"2062" 46.29796 234 596
"2063" 46.3211 234 596
"2064" 46.34352 234 596
"2065" 46.36517 234 596
"2066" 46.39425 234 596
"2067" 46.41257 234 596
"2068" 46.43119 234 596
"2069" 46.45337 234 596
"2070" 46.47578 234 596
"2071" 46.49797 234 596
"2072" 46.52137 234 596
"2073" 46.54257 234 596
"2074" 46.56548 233 494
"2075" 46.58715 233 494
"2076" 46.60978 233 494
"2077" 46.63122 233 494
"2078" 46.65367 233 494
"2079" 46.67594 233 494
"2080" 46.70605 233 494
"2081" 46.7237 233 494
"2082" 46.74236 233 494
"2083" 46.7651 233 494
"2084" 46.78671 233 494
"2085" 46.81003 233 494
"2086" 46.83152 233 494
"2087" 46.85324 233 494
"2088" 46.8753 233 494
"2089" 46.89786 232 510
"2090" 46.92005 232 510
"2091" 46.94245 232 510
"2092" 46.96453 232 510
"2093" 46.98666 232 510
"2094" 47.0176 232 510
"2095" 47.0345 232 510
"2096" 47.05289 232 510
"2097" 47.07528 232 510
"2098" 47.09753 232 510
"2099" 47.11967 232 510
"2100" 47.14222 232 510
"2101" 47.16419 232 510
"2102" 47.18679 231 494
"2103" 47.20927 231 494
"2104" 47.23235 231 494
"2105" 47.25333 231 494
"2106" 47.27548 231 494
"2107" 47.29772 231 494
"2108" 47.32873 231 494
"2109" 47.34513 231 494
"2110" 47.36558 231 494
"2111" 47.3863 231 494
"2112" 47.40834 231 494
"2113" 47.4307 231 494
"2114" 47.45535 231 494
"2115" 47.47733 231 494
"2116" 47.49937 231 494
"2117" 47.52024 231 494
"2118" 47.54447 231 494
"2119" 47.56445 231 494
"2120" 47.58676 231 508
"2121" 47.60907 231 504
"2122" 47.64323 231 504
"2123" 47.66122 231 504
"2124" 47.67897 231 504
"2125" 47.6983 231 504
"2126" 47.72131 231 504
"2127" 47.74204 231 504
"2128" 47.76525 231 504
"2129" 47.7864 231 504
"2130" 47.80851 231 504
"2131" 47.8306 231 504
"2132" 47.85286 231 504
"2133" 47.87507 231 504
"2134" 47.89719 231 504
"2135" 47.91927 231 504
"2136" 47.94165 231 504
"2137" 47.96395 231 504
"2138" 47.98817 231 519
"2139" 48.01154 230 497
"2140" 48.03205 230 497
"2141" 48.05286 230 497
"2142" 48.07515 230 497
"2143" 48.10248 230 497
"2144" 48.12016 230 497
"2145" 48.14156 230 497
"2146" 48.16375 230 497
"2147" 48.18584 230 497
"2148" 48.20825 230 504
"2149" 48.23057 230 504
"2150" 48.25822 230 504
"2151" 48.2749 230 504
"2152" 48.29728 230 504
"2153" 48.32128 230 504
"2154" 48.3426 230 504
"2155" 48.36726 230 504
"2156" 48.38932 230 504
"2157" 48.4085 230 504
"2158" 48.43035 230 504
"2159" 48.45253 230 504
"2160" 48.47499 230 504
"2161" 48.49747 230 504
"2162" 48.51991 230 504
"2163" 48.54266 230 504
"2164" 48.56561 229 504
"2165" 48.58857 229 504
"2166" 48.61139 229 504
"2167" 48.6321 229 504
"2168" 48.65394 229 504
"2169" 48.67613 229 504
"2170" 48.69846 229 504
"2171" 48.72502 229 504
"2172" 48.74249 229 504
"2173" 48.76538 229 504
"2174" 48.7904 229 504
"2175" 48.80968 228 512
"2176" 48.8316 228 512
"2177" 48.85386 228 512
"2178" 48.8852 228 512
"2179" 48.90436 228 512
"2180" 48.92329 228 512
"2181" 48.94321 228 512
"2182" 48.96364 228 512
"2183" 48.98566 228 512
"2184" 49.00826 228 512
"2185" 49.03004 228 512
"2186" 49.05243 228 512
"2187" 49.07518 228 512
"2188" 49.09737 227 523
"2189" 49.11928 227 523
"2190" 49.14164 227 523
"2191" 49.16388 227 523
"2192" 49.19514 227 523
"2193" 49.21349 227 523
"2194" 49.23164 227 523
"2195" 49.25227 227 523
"2196" 49.27526 227 523
"2197" 49.29686 227 523
"2198" 49.3192 227 523
"2199" 49.3414 227 523
"2200" 49.36366 227 523
"2201" 49.38561 227 523
"2202" 49.40947 226 519
"2203" 49.43033 226 519
"2204" 49.45253 226 519
"2205" 49.47589 226 519
"2206" 49.50323 226 519
"2207" 49.52042 226 519
"2208" 49.541 226 519
"2209" 49.56324 226 519
"2210" 49.58521 226 519
"2211" 49.60748 226 519
"2212" 49.62994 226 519
"2213" 49.65184 226 519
"2214" 49.67408 226 519
"2215" 49.69623 226 519
"2216" 49.7186 226 519
"2217" 49.74088 226 519
"2218" 49.7632 226 519
"2219" 49.81168 226 519
"2220" 49.82946 226 519
"2221" 49.85192 226 519
"2222" 49.87408 226 519
"2223" 49.89645 226 521
"2224" 49.91832 226 521
"2225" 49.9409 226 521
"2226" 49.963 226 521
"2227" 49.99279 226 521
"2228" 50.01015 226 521
"2229" 50.02971 226 521
"2230" 50.05183 226 521
"2231" 50.07405 226 521
"2232" 50.09637 226 521
"2233" 50.11851 226 521
"2234" 50.14072 226 521
"2235" 50.16311 225 509
"2236" 50.18509 225 509
"2237" 50.20746 225 509
"2238" 50.22946 225 509
"2239" 50.25183 225 509
"2240" 50.27397 225 509
"2241" 50.30084 225 509
"2242" 50.31825 225 509
"2243" 50.34051 225 509
"2244" 50.36283 225 509
"2245" 50.38479 225 509
"2246" 50.40708 225 509
"2247" 50.42952 225 509
"2248" 50.45152 224 515
"2249" 50.47395 224 515
"2250" 50.49588 224 515
"2251" 50.51809 224 515
"2252" 50.54046 224 515
"2253" 50.56274 224 515
"2254" 50.58486 224 515
"2255" 50.6138 224 515
"2256" 50.62968 224 515
"2257" 50.65164 224 515
"2258" 50.67374 224 515
"2259" 50.69591 224 515
"2260" 50.71803 224 515
"2261" 50.74026 223 509
"2262" 50.76275 223 509
"2263" 50.78504 223 509
"2264" 50.80735 223 509
"2265" 50.82933 223 509
"2266" 50.85165 223 509
"2267" 50.87406 223 509
"2268" 50.89616 223 509
"2269" 50.9234 223 509
"2270" 50.9404 223 509
"2271" 50.96262 223 509
"2272" 50.98494 223 509
"2273" 51.00749 223 509
"2274" 51.0294 223 509
"2275" 51.05167 223 509
"2276" 51.07363 223 509
"2277" 51.09603 222 468
"2278" 51.11813 222 468
"2279" 51.14037 222 468
"2280" 51.16264 222 468
"2281" 51.18494 222 468
"2282" 51.20719 222 468
"2283" 51.23399 222 468
"2284" 51.25131 222 468
"2285" 51.27363 222 468
"2286" 51.29601 222 468
"2287" 51.31811 222 468
"2288" 51.34048 222 468
"2289" 51.36303 222 468
"2290" 51.38552 222 468
"2291" 51.40791 221 501
"2292" 51.43044 221 501
"2293" 51.45264 221 501
"2294" 51.47553 221 501
"2295" 51.49793 221 501
"2296" 51.51979 221 501
"2297" 51.54688 221 501
"2298" 51.56394 221 501
"2299" 51.58634 221 501
"2300" 51.60842 221 501
"2301" 51.63074 221 501
"2302" 51.65301 221 501
"2303" 51.67525 221 501
"2304" 51.69731 221 501
"2305" 51.71963 221 504
"2306" 51.74192 221 504
"2307" 51.76437 221 504
"2308" 51.78637 221 504
"2309" 51.80857 221 504
"2310" 51.83096 221 504
"2311" 51.86176 221 504
"2312" 51.87813 221 504
"2313" 51.89521 221 504
"2314" 51.91752 221 504
"2315" 51.93979 221 504
"2316" 51.96204 221 504
"2317" 51.98458 221 504
"2318" 52.00642 221 504
"2319" 52.02906 221 504
"2320" 52.05092 221 504
"2321" 52.07311 221 504
"2322" 52.09521 221 504
"2323" 52.11764 221 500
"2324" 52.13988 221 500
"2325" 52.16709 221 500
"2326" 52.18451 221 500
"2327" 52.20638 221 500
"2328" 52.22854 221 500
"2329" 52.25086 221 500
"2330" 52.27303 221 500
"2331" 52.29522 221 500
"2332" 52.3173 221 500
"2333" 52.33958 221 500
"2334" 52.36191 221 500
"2335" 52.38424 221 500
"2336" 52.40612 221 500
"2337" 52.42838 223 510
"2338" 52.45087 223 510
"2339" 52.4816 223 510
"2340" 52.49968 223 510
"2341" 52.51718 223 510
"2342" 52.53935 223 510
"2343" 52.56178 223 510
"2344" 52.58407 223 510
"2345" 52.60622 223 510
"2346" 52.62844 223 510
"2347" 52.65037 223 510
"2348" 52.67276 223 510
"2349" 52.69493 223 510
"2350" 52.71703 225 527
"2351" 52.7394 225 527
"2352" 52.76162 225 527
"2353" 52.78745 225 527
"2354" 52.80617 225 527
"2355" 52.82837 225 527
"2356" 52.85076 225 527
"2357" 52.87284 225 527
"2358" 52.8952 225 527
"2359" 52.91708 225 527
"2360" 52.93938 225 527
"2361" 52.96163 225 527
"2362" 52.98394 225 527
"2363" 53.00607 226 511
"2364" 53.02848 226 511
"2365" 53.05036 226 511
"2366" 53.07254 226 511
"2367" 53.10365 226 511
"2368" 53.11971 226 511
"2369" 53.13897 226 511
"2370" 53.16143 226 511
"2371" 53.18371 226 511
"2372" 53.20592 226 511
"2373" 53.22813 226 511
"2374" 53.25035 226 511
"2375" 53.27237 226 511
"2376" 53.29496 226 511
"2377" 53.31698 226 510
"2378" 53.33913 226 510
"2379" 53.36135 226 510
"2380" 53.38365 226 510
"2381" 53.41177 226 510
"2382" 53.42878 226 510
"2383" 53.45018 226 510
"2384" 53.47231 226 510
"2385" 53.49458 226 510
"2386" 53.51681 226 510
"2387" 53.53905 226 510
"2388" 53.56118 226 510
"2389" 53.58356 226 510
"2390" 53.60571 224 508
"2391" 53.62806 224 508
"2392" 53.65005 224 508
"2393" 53.67228 224 508
"2394" 53.69465 224 508
"2395" 53.72552 224 508
"2396" 53.74209 224 508
"2397" 53.78847 224 508
"2398" 53.80543 224 508
"2399" 53.82773 224 508
"2400" 53.85006 224 508
"2401" 53.87203 224 508
"2402" 53.89437 224 508
"2403" 53.91661 224 436
"2404" 53.93886 224 436
"2405" 53.9612 224 436
"2406" 53.9834 224 436
"2407" 54.00554 224 436
"2408" 54.03681 224 436
"2409" 54.05405 224 436
"2410" 54.07222 224 436
"2411" 54.09456 224 436
"2412" 54.11657 224 436
"2413" 54.13887 224 436
"2414" 54.16105 224 436
"2415" 54.18338 224 436
"2416" 54.20532 223 501
"2417" 54.22766 223 501
"2418" 54.2498 223 501
"2419" 54.27209 223 501
"2420" 54.29439 223 501
"2421" 54.31649 223 501
"2422" 54.3461 223 501
"2423" 54.36377 223 501
"2424" 54.38321 223 501
"2425" 54.40534 223 501
"2426" 54.4276 223 501
"2427" 54.4497 223 501
"2428" 54.47206 223 501
"2429" 54.49422 223 501
"2430" 54.51631 223 501
"2431" 54.53856 223 501
"2432" 54.56073 223 501
"2433" 54.583 223 501
"2434" 54.60557 223 501
"2435" 54.62765 223 501
"2436" 54.64964 223 505
"2437" 54.67195 223 505
"2438" 54.69404 223 505
"2439" 54.71623 223 505
"2440" 54.7385 223 505
"2441" 54.76061 223 505
"2442" 54.78315 223 505
"2443" 54.81054 223 505
"2444" 54.82761 223 505
"2445" 54.84943 223 505
"2446" 54.87192 223 505
"2447" 54.89403 223 505
"2448" 54.91615 223 505
"2449" 54.93835 223 505
"2450" 54.9606 223 492
"2451" 54.98296 223 492
"2452" 55.00504 223 492
"2453" 55.02713 223 492
"2454" 55.04945 223 492
"2455" 55.07167 223 492
"2456" 55.09414 223 492
"2457" 55.12003 223 492
"2458" 55.13923 223 492
"2459" 55.16142 223 492
"2460" 55.18418 223 492
"2461" 55.20628 223 492
"2462" 55.22915 223 492
"2463" 55.2513 222 525
"2464" 55.2734 222 525
"2465" 55.29578 222 525
"2466" 55.31794 222 525
"2467" 55.34001 222 525
"2468" 55.36214 222 525
"2469" 55.38445 222 525
"2470" 55.40691 222 525
"2471" 55.43579 222 525
"2472" 55.452 222 525
"2473" 55.47184 222 525
"2474" 55.494 222 525
"2475" 55.51626 222 525
"2476" 55.53839 222 525
"2477" 55.56064 222 525
"2478" 55.58283 221 531
"2479" 55.60511 221 531
"2480" 55.62712 221 531
"2481" 55.64953 221 531
"2482" 55.67165 221 531
"2483" 55.69389 221 531
"2484" 55.71618 221 531
"2485" 55.74396 221 531
"2486" 55.76034 221 531
"2487" 55.7827 221 531
"2488" 55.80496 221 531
"2489" 55.82711 221 531
"2490" 55.84938 221 531
"2491" 55.87145 220 511
"2492" 55.89387 220 511
"2493" 55.91592 220 511
"2494" 55.93818 220 511
"2495" 55.96034 220 511
"2496" 55.98254 220 511
"2497" 56.00484 220 511
"2498" 56.02719 220 511
"2499" 56.05812 220 511
"2500" 56.07556 220 511
"2501" 56.09356 220 511
"2502" 56.11579 220 511
"2503" 56.13763 220 511
"2504" 56.16026 220 511
"2505" 56.18243 218 512
"2506" 56.21022 218 512
"2507" 56.22656 218 512
"2508" 56.24892 218 512
"2509" 56.2711 218 512
"2510" 56.2933 218 512
"2511" 56.31567 218 512
"2512" 56.33791 218 512
"2513" 56.36002 218 512
"2514" 56.38224 218 512
"2515" 56.40436 218 512
"2516" 56.4269 218 512
"2517" 56.44938 217 506
"2518" 56.47136 217 506
"2519" 56.49382 217 506
"2520" 56.52134 217 506
"2521" 56.54053 217 506
"2522" 56.56025 217 506
"2523" 56.58283 217 506
"2524" 56.60551 217 506
"2525" 56.62653 217 506
"2526" 56.64899 217 506
"2527" 56.67115 217 506
"2528" 56.69334 217 506
"2529" 56.7155 217 506
"2530" 56.73772 217 506
"2531" 56.75989 216 475
"2532" 56.78204 216 475
"2533" 56.80445 216 475
"2534" 56.83197 216 475
"2535" 56.84842 216 475
"2536" 56.87084 216 475
"2537" 56.89322 216 475
"2538" 56.9159 216 475
"2539" 56.93833 216 475
"2540" 56.96077 216 475
"2541" 56.98321 216 475
"2542" 57.00572 216 475
"2543" 57.02779 216 475
"2544" 57.0502 216 475
"2545" 57.07254 216 475
"2546" 57.09473 216 475
"2547" 57.11696 216 475
"2548" 57.13909 216 475
"2549" 57.161 216 475
"2550" 57.18337 216 475
"2551" 57.20567 217 493
"2552" 57.22792 217 505
"2553" 57.25005 217 505
"2554" 57.27213 217 505
"2555" 57.30037 217 505
"2556" 57.31671 217 505
"2557" 57.33833 217 505
"2558" 57.36072 217 505
"2559" 57.38293 217 505
"2560" 57.43524 217 505
"2561" 57.45448 217 505
"2562" 57.4717 217 505
"2563" 57.49405 217 505
"2564" 57.51611 217 505
"2565" 57.53818 218 506
"2566" 57.56081 218 506
"2567" 57.58272 218 506
"2568" 57.60509 218 506
"2569" 57.6339 218 506
"2570" 57.64956 218 506
"2571" 57.67085 218 506
"2572" 57.69318 218 506
"2573" 57.71539 218 506
"2574" 57.73751 218 506
"2575" 57.75987 218 506
"2576" 57.78189 218 506
"2577" 57.80424 218 506
"2578" 57.82637 218 494
"2579" 57.84873 218 494
"2580" 57.87086 218 494
"2581" 57.89313 218 494
"2582" 57.91537 218 494
"2583" 57.94331 218 494
"2584" 57.95952 218 494
"2585" 57.98185 218 494
"2586" 58.00415 218 494
"2587" 58.02637 218 494
"2588" 58.04861 218 494
"2589" 58.07076 218 494
"2590" 58.09286 218 494
"2591" 58.11513 218 494
"2592" 58.13741 218 494
"2593" 58.15968 218 494
"2594" 58.18211 218 494
"2595" 58.20398 218 494
"2596" 58.22622 218 494
"2597" 58.24841 218 494
"2598" 58.27068 218 494
"2599" 58.29288 218 494
"2600" 58.31503 218 494
"2601" 58.33726 218 494
"2602" 58.35976 218 494
"2603" 58.38223 217 512
"2604" 58.40462 217 512
"2605" 58.42732 217 512
"2606" 58.44945 217 518
"2607" 58.47146 217 518
"2608" 58.49374 217 518
"2609" 58.51577 217 518
"2610" 58.53811 217 518
"2611" 58.56653 217 518
"2612" 58.5833 217 518
"2613" 58.60422 217 518
"2614" 58.62643 217 518
"2615" 58.64865 217 518
"2616" 58.67091 217 518
"2617" 58.6931 217 511
"2618" 58.71535 217 511
"2619" 58.73755 217 511
"2620" 58.75974 217 511
"2621" 58.78202 217 511
"2622" 58.8041 217 511
"2623" 58.82656 217 511
"2624" 58.84858 217 511
"2625" 58.87571 217 511
"2626" 58.89327 217 511
"2627" 58.9152 217 511
"2628" 58.9374 217 511
"2629" 58.95966 217 511
"2630" 58.98191 217 511
"2631" 59.00418 216 512
"2632" 59.02636 216 445
"2633" 59.04873 216 445
"2634" 59.07077 216 445
"2635" 59.09319 216 445
"2636" 59.11522 216 445
"2637" 59.13725 216 445
"2638" 59.15955 216 445
"2639" 59.18853 216 445
"2640" 59.20446 216 445
"2641" 59.22588 216 445
"2642" 59.2481 216 445
"2643" 59.27016 216 445
"2644" 59.29229 216 445
"2645" 59.31459 216 445
"2646" 59.33685 216 445
"2647" 59.35915 216 445
"2648" 59.38128 216 445
"2649" 59.40334 216 445
"2650" 59.42558 216 445
"2651" 59.44789 216 445
"2652" 59.47025 216 499
"2653" 59.49922 216 499
"2654" 59.51596 216 499
"2655" 59.53636 216 499
"2656" 59.55927 216 499
"2657" 59.58113 216 499
"2658" 59.60324 216 499
"2659" 59.62564 216 499
"2660" 59.65348 216 499
"2661" 59.67059 216 499
"2662" 59.69194 216 499
"2663" 59.71408 216 499
"2664" 59.73634 216 499
"2665" 59.75863 214 503
"2666" 59.78115 214 503
"2667" 59.80942 214 503
"2668" 59.82561 214 503
"2669" 59.84729 214 503
"2670" 59.86954 214 503
"2671" 59.89191 214 503
"2672" 59.91418 214 503
"2673" 59.9363 214 503
"2674" 59.95848 214 503
"2675" 59.98077 214 503
