257.00
258.00
258.00
258.00
257.00
257.00
257.00
257.00
257.00
257.00
257.00
257.00
257.00
257.00
257.00
257.00
256.00
257.00
256.00
256.00
256.00
256.00
256.00
256.00
256.00
256.00
256.00
256.00
256.00
255.00
255.00
256.00
255.00
255.00
255.00
255.00
255.00
255.00
255.00
255.00
255.00
255.00
255.00
255.00
255.00
255.00
255.00
255.00
254.00
254.00
254.00
254.00
254.00
254.00
254.00
254.00
254.00
254.00
253.00
253.00
253.00
253.00
253.00
253.00
253.00
253.00
253.00
252.00
253.00
252.00
252.00
252.00
252.00
252.00
252.00
252.00
252.00
252.00
252.00
252.00
252.00
252.00
252.00
252.00
252.00
252.00
252.00
252.00
252.00
251.00
252.00
252.00
251.00
252.00
251.00
251.00
251.00
247.00
247.00
246.00
246.00
246.00
246.00
246.00
246.00
246.00
246.00
246.00
246.00
246.00
246.00
246.00
246.00
246.00
246.00
246.00
246.00
246.00
246.00
246.00
246.00
246.00
246.00
246.00
245.00
245.00
245.00
245.00
245.00
245.00
245.00
245.00
245.00
245.00
245.00
245.00
244.00
245.00
244.00
244.00
244.00
244.00
244.00
244.00
244.00
244.00
244.00
244.00
244.00
244.00
244.00
244.00
244.00
244.00
243.00
243.00
243.00
243.00
243.00
243.00
243.00
243.00
243.00
243.00
243.00
243.00
243.00
243.00
243.00
243.00
243.00
242.00
243.00
242.00
242.00
242.00
242.00
242.00
242.00
242.00
242.00
241.00
241.00
241.00
241.00
241.00
241.00
241.00
241.00
241.00
241.00
241.00
240.00
240.00
240.00
240.00
240.00
240.00
240.00
240.00
240.00
240.00
240.00
240.00
240.00
240.00
240.00
240.00
240.00
239.00
239.00
240.00
240.00
239.00
239.00
239.00
239.00
239.00
239.00
239.00
239.00
239.00
239.00
239.00
239.00
239.00
239.00
238.00
238.00
238.00
238.00
238.00
238.00
238.00
238.00
238.00
238.00
238.00
238.00
238.00
238.00
238.00
238.00
237.00
237.00
237.00
237.00
237.00
237.00
237.00
237.00
237.00
237.00
237.00
237.00
237.00
237.00
237.00
236.00
236.00
236.00
236.00
236.00
236.00
236.00
236.00
236.00
236.00
236.00
236.00
236.00
236.00
236.00
235.00
235.00
235.00
235.00
236.00
235.00
235.00
235.00
235.00
235.00
235.00
235.00
235.00
235.00
235.00
235.00
235.00
235.00
235.00
234.00
234.00
234.00
234.00
234.00
234.00
234.00
234.00
234.00
234.00
233.00
233.00
233.00
233.00
233.00
233.00
233.00
233.00
233.00
233.00
233.00
233.00
233.00
233.00
233.00
233.00
233.00
233.00
232.00
232.00
232.00
232.00
232.00
232.00
232.00
232.00
232.00
232.00
232.00
232.00
232.00
231.00
231.00
231.00
231.00
231.00
231.00
231.00
231.00
231.00
231.00
231.00
231.00
231.00
231.00
231.00
231.00
231.00
231.00
231.00
231.00
231.00
231.00
231.00
231.00
231.00
231.00
231.00
230.00
230.00
230.00
230.00
230.00
230.00
230.00
230.00
230.00
230.00
230.00
230.00
230.00
230.00
230.00
230.00
230.00
230.00
230.00
230.00
230.00
230.00
230.00
230.00
230.00
230.00
230.00
230.00
230.00
230.00
229.00
230.00
229.00
230.00
229.00
229.00
229.00
229.00
229.00
229.00
229.00
229.00
229.00
229.00
229.00
229.00
229.00
229.00
228.00
229.00
229.00
229.00
228.00
228.00
229.00
229.00
228.00
228.00
228.00
228.00
228.00
228.00
228.00
228.00
228.00
228.00
228.00
228.00
228.00
228.00
227.00
227.00
227.00
227.00
227.00
227.00
227.00
227.00
227.00
227.00
227.00
227.00
227.00
227.00
227.00
227.00
227.00
227.00
227.00
227.00
227.00
226.00
226.00
226.00
226.00
226.00
226.00
226.00
226.00
226.00
226.00
226.00
226.00
226.00
226.00
226.00
225.00
225.00
225.00
225.00
225.00
225.00
225.00
225.00
225.00
225.00
225.00
225.00
225.00
225.00
225.00
225.00
225.00
225.00
225.00
225.00
225.00
225.00
224.00
224.00
224.00
224.00
224.00
224.00
224.00
224.00
224.00
224.00
224.00
224.00
224.00
224.00
224.00
224.00
224.00
224.00
224.00
224.00
223.00
223.00
223.00
223.00
223.00
223.00
223.00
223.00
223.00
223.00
223.00
223.00
223.00
223.00
223.00
223.00
223.00
222.00
222.00
222.00
222.00
222.00
222.00
222.00
222.00
222.00
222.00
222.00
222.00
222.00
222.00
222.00
222.00
222.00
222.00
221.00
221.00
221.00
222.00
221.00
221.00
221.00
221.00
221.00
221.00
221.00
221.00
220.00
220.00
220.00
220.00
220.00
220.00
220.00
220.00
220.00
220.00
220.00
220.00
220.00
220.00
220.00
220.00
220.00
220.00
220.00
220.00
220.00
220.00
220.00
220.00
220.00
220.00
220.00
220.00
220.00
220.00
220.00
220.00
220.00
220.00
219.00
220.00
220.00
219.00
219.00
219.00
219.00
219.00
220.00
219.00
219.00
219.00
219.00
219.00
219.00
219.00
219.00
219.00
219.00
219.00
219.00
219.00
219.00
219.00
219.00
219.00
219.00
219.00
220.00
220.00
220.00
220.00
220.00
220.00
220.00
220.00
220.00
220.00
220.00
220.00
220.00
220.00
220.00
220.00
220.00
220.00
220.00
220.00
221.00
221.00
221.00
221.00
221.00
221.00
221.00
221.00
221.00
221.00
221.00
221.00
221.00
221.00
221.00
222.00
221.00
221.00
221.00
221.00
221.00
222.00
221.00
221.00
221.00
221.00
221.00
222.00
221.00
221.00
222.00
221.00
221.00
221.00
221.00
221.00
221.00
221.00
221.00
221.00
221.00
221.00
221.00
221.00
220.00
220.00
220.00
221.00
220.00
220.00
220.00
220.00
220.00
220.00
220.00
220.00
220.00
220.00
220.00
219.00
220.00
220.00
219.00
219.00
219.00
219.00
219.00
219.00
219.00
219.00
219.00
219.00
219.00
218.00
218.00
218.00
218.00
218.00
218.00
218.00
218.00
218.00
218.00
217.00
218.00
217.00
217.00
217.00
217.00
217.00
217.00
217.00
217.00
217.00
217.00
217.00
217.00
217.00
217.00
216.00
216.00
216.00
216.00
216.00
216.00
216.00
216.00
216.00
216.00
216.00
216.00
216.00
216.00
216.00
216.00
216.00
216.00
216.00
216.00
216.00
216.00
216.00
215.00
216.00
215.00
215.00
215.00
215.00
215.00
215.00
215.00
215.00
215.00
215.00
215.00
215.00
215.00
215.00
215.00
215.00
215.00
215.00
215.00
215.00
215.00
215.00
214.00
215.00
214.00
214.00
214.00
214.00
214.00
214.00
214.00
214.00
214.00
214.00
214.00
214.00
214.00
214.00
214.00
214.00
213.00
213.00
213.00
213.00
213.00
213.00
213.00
213.00
213.00
213.00
213.00
213.00
213.00
213.00
213.00
213.00
213.00
212.00
212.00
212.00
212.00
212.00
213.00
212.00
212.00
213.00
212.00
212.00
212.00
212.00
213.00
212.00
213.00
213.00
213.00
213.00
213.00
213.00
213.00
213.00
213.00
213.00
213.00
213.00
213.00
213.00
213.00
213.00
213.00
213.00
213.00
213.00
213.00
213.00
213.00
213.00
213.00
213.00
213.00
213.00
213.00
213.00
213.00
213.00
213.00
213.00
213.00
213.00
213.00
213.00
213.00
213.00
213.00
213.00
213.00
213.00
213.00
213.00
213.00
213.00
213.00
213.00
213.00
213.00
213.00
213.00
213.00
213.00
213.00
213.00
213.00
213.00
213.00
213.00
213.00
213.00
213.00
213.00
213.00
213.00
213.00
213.00
213.00
214.00
214.00
213.00
213.00
213.00
213.00
214.00
214.00
214.00
214.00
214.00
214.00
214.00
214.00
214.00
214.00
214.00
214.00
214.00
214.00
214.00
214.00
214.00
214.00
214.00
214.00
214.00
214.00
214.00
214.00
214.00
214.00
214.00
214.00
214.00
214.00
214.00
214.00
214.00
214.00
214.00
214.00
214.00
214.00
214.00
214.00
214.00
214.00
214.00
214.00
214.00
213.00
214.00
214.00
214.00
214.00
213.00
214.00
214.00
214.00
213.00
214.00
213.00
214.00
213.00
214.00
213.00
214.00
214.00
214.00
214.00
213.00
214.00
214.00
214.00
214.00
213.00
214.00
214.00
214.00
214.00
214.00
214.00
214.00
214.00
214.00
214.00
214.00
214.00
214.00
214.00
214.00
214.00
214.00
214.00
214.00
214.00
214.00
214.00
214.00
214.00
214.00
214.00
214.00
214.00
214.00
214.00
214.00
214.00
214.00
214.00
214.00
214.00
214.00
214.00
214.00
214.00
213.00
214.00
213.00
213.00
213.00
213.00
213.00
213.00
213.00
213.00
213.00
213.00
213.00
213.00
213.00
213.00
213.00
213.00
213.00
213.00
213.00
212.00
212.00
212.00
212.00
212.00
212.00
212.00
212.00
212.00
212.00
212.00
212.00
212.00
212.00
212.00
212.00
212.00
212.00
211.00
212.00
212.00
211.00
211.00
212.00
211.00
211.00
211.00
211.00
211.00
211.00
211.00
211.00
211.00
211.00
211.00
211.00
211.00
211.00
211.00
211.00
211.00
211.00
211.00
211.00
211.00
211.00
211.00
210.00
210.00
210.00
210.00
210.00
210.00
210.00
210.00
210.00
210.00
210.00
210.00
210.00
210.00
210.00
210.00
210.00
210.00
209.00
209.00
209.00
209.00
209.00
209.00
209.00
209.00
209.00
209.00
209.00
209.00
209.00
209.00
209.00
209.00
209.00
209.00
209.00
209.00
208.00
208.00
208.00
208.00
208.00
208.00
208.00
208.00
208.00
208.00
208.00
208.00
208.00
208.00
208.00
207.00
207.00
207.00
207.00
207.00
207.00
207.00
207.00
207.00
207.00
207.00
207.00
207.00
207.00
207.00
207.00
207.00
207.00
207.00
207.00
207.00
207.00
206.00
207.00
206.00
207.00
206.00
206.00
206.00
206.00
206.00
206.00
206.00
206.00
206.00
206.00
206.00
206.00
206.00
206.00
206.00
206.00
205.00
205.00
205.00
205.00
205.00
205.00
205.00
205.00
205.00
205.00
205.00
205.00
205.00
205.00
205.00
205.00
204.00
204.00
204.00
204.00
204.00
204.00
204.00
204.00
204.00
204.00
204.00
204.00
204.00
204.00
204.00
204.00
204.00
204.00
204.00
204.00
204.00
204.00
204.00
204.00
204.00
204.00
204.00
204.00
204.00
204.00
204.00
203.00
204.00
203.00
203.00
203.00
203.00
203.00
203.00
203.00
203.00
203.00
203.00
203.00
203.00
203.00
203.00
203.00
203.00
203.00
203.00
203.00
203.00
203.00
203.00
203.00
203.00
203.00
203.00
203.00
203.00
203.00
203.00
203.00
203.00
203.00
203.00
203.00
203.00
203.00
202.00
202.00
202.00
202.00
202.00
202.00
202.00
202.00
202.00
202.00
202.00
202.00
202.00
202.00
202.00
202.00
202.00
202.00
202.00
202.00
201.00
201.00
201.00
201.00
201.00
201.00
202.00
201.00
201.00
201.00
201.00
201.00
201.00
201.00
201.00
201.00
201.00
201.00
201.00
201.00
201.00
201.00
201.00
201.00
200.00
200.00
200.00
200.00
200.00
200.00
200.00
200.00
200.00
200.00
200.00
200.00
200.00
200.00
200.00
200.00
200.00
200.00
200.00
200.00
199.00
199.00
199.00
199.00
200.00
199.00
199.00
199.00
199.00
199.00
199.00
199.00
199.00
199.00
199.00
199.00
199.00
199.00
199.00
199.00
199.00
199.00
199.00
199.00
199.00
199.00
199.00
199.00
199.00
199.00
199.00
199.00
199.00
199.00
199.00
199.00
199.00
199.00
199.00
199.00
199.00
199.00
199.00
199.00
199.00
199.00
199.00
199.00
199.00
199.00
199.00
199.00
199.00
199.00
199.00
199.00
199.00
199.00
199.00
199.00
199.00
199.00
199.00
199.00
199.00
199.00
199.00
199.00
199.00
198.00
198.00
198.00
198.00
198.00
198.00
198.00
198.00
198.00
198.00
198.00
198.00
198.00
198.00
198.00
198.00
198.00
198.00
198.00
198.00
198.00
198.00
198.00
198.00
198.00
198.00
198.00
198.00
197.00
197.00
197.00
197.00
197.00
197.00
197.00
197.00
197.00
197.00
197.00
197.00
197.00
197.00
197.00
197.00
197.00
197.00
196.00
196.00
196.00
196.00
197.00
196.00
196.00
196.00
196.00
196.00
196.00
196.00
196.00
196.00
196.00
196.00
195.00
195.00
195.00
195.00
195.00
195.00
195.00
195.00
195.00
195.00
195.00
195.00
195.00
195.00
195.00
195.00
195.00
195.00
195.00
195.00
195.00
195.00
195.00
195.00
194.00
194.00
194.00
194.00
194.00
194.00
194.00
194.00
194.00
194.00
194.00
194.00
194.00
193.00
193.00
193.00
193.00
193.00
193.00
193.00
193.00
193.00
193.00
193.00
193.00
193.00
193.00
193.00
193.00
193.00
193.00
193.00
193.00
193.00
193.00
193.00
193.00
193.00
193.00
192.00
192.00
192.00
192.00
192.00
192.00
192.00
192.00
192.00
192.00
192.00
192.00
192.00
192.00
192.00
192.00
192.00
192.00
192.00
192.00
192.00
192.00
192.00
192.00
192.00
192.00
192.00
192.00
191.00
192.00
191.00
191.00
191.00
191.00
191.00
191.00
191.00
191.00
191.00
191.00
191.00
191.00
191.00
191.00
191.00
191.00
191.00
191.00
191.00
191.00
191.00
191.00
191.00
191.00
191.00
191.00
191.00
191.00
191.00
190.00
191.00
190.00
190.00
190.00
190.00
190.00
190.00
190.00
190.00
190.00
190.00
190.00
190.00
190.00
190.00
190.00
190.00
190.00
190.00
190.00
190.00
190.00
190.00
190.00
190.00
190.00
190.00
190.00
190.00
190.00
190.00
190.00
190.00
190.00
190.00
190.00
190.00
190.00
190.00
190.00
190.00
190.00
190.00
190.00
190.00
190.00
191.00
191.00
191.00
191.00
191.00
191.00
191.00
191.00
191.00
191.00
191.00
191.00
191.00
191.00
191.00
191.00
191.00
191.00
191.00
191.00
191.00
191.00
191.00
191.00
191.00
191.00
191.00
191.00
191.00
191.00
191.00
191.00
191.00
191.00
191.00
191.00
191.00
191.00
190.00
190.00
190.00
190.00
190.00
190.00
190.00
190.00
191.00
190.00
190.00
190.00
190.00
190.00
190.00
190.00
190.00
190.00
190.00
190.00
190.00
190.00
190.00
190.00
190.00
190.00
190.00
190.00
190.00
190.00
189.00
190.00
189.00
189.00
189.00
189.00
189.00
189.00
189.00
189.00
189.00
189.00
189.00
189.00
189.00
189.00
189.00
189.00
189.00
189.00
189.00
189.00
189.00
188.00
189.00
188.00
188.00
188.00
188.00
188.00
188.00
188.00
188.00
188.00
188.00
188.00
188.00
188.00
188.00
188.00
188.00
188.00
188.00
188.00
188.00
188.00
188.00
188.00
188.00
188.00
188.00
188.00
188.00
188.00
188.00
188.00
188.00
188.00
188.00
188.00
188.00
188.00
188.00
188.00
188.00
188.00
188.00
188.00
188.00
189.00
189.00
189.00
189.00
189.00
189.00
189.00
189.00
189.00
189.00
189.00
189.00
189.00
189.00
190.00
190.00
190.00
190.00
190.00
190.00
190.00
190.00
190.00
190.00
190.00
190.00
190.00
190.00
190.00
190.00
190.00
190.00
190.00
190.00
190.00
190.00
190.00
190.00
190.00
190.00
190.00
190.00
190.00
190.00
190.00
190.00
190.00
190.00
190.00
190.00
190.00
190.00
190.00
190.00
190.00
190.00
190.00
190.00
190.00
190.00
190.00
190.00
189.00
189.00
189.00
189.00
189.00
189.00
189.00
189.00
189.00
189.00
189.00
189.00
189.00
189.00
189.00
189.00
188.00
188.00
189.00
189.00
188.00
188.00
188.00
188.00
188.00
188.00
188.00
188.00
188.00
188.00
188.00
188.00
188.00
188.00
188.00
188.00
188.00
188.00
188.00
187.00
187.00
187.00
187.00
187.00
187.00
187.00
187.00
187.00
187.00
187.00
187.00
187.00
187.00
187.00
187.00
187.00
187.00
186.00
187.00
186.00
186.00
186.00
186.00
186.00
186.00
186.00
186.00
186.00
186.00
186.00
186.00
186.00
186.00
186.00
186.00
185.00
185.00
185.00
186.00
185.00
185.00
185.00
185.00
185.00
185.00
185.00
185.00
185.00
185.00
185.00
185.00
185.00
185.00
185.00
185.00
185.00
185.00
185.00
185.00
185.00
185.00
185.00
185.00
185.00
185.00
185.00
185.00
185.00
185.00
184.00
184.00
184.00
184.00
184.00
184.00
184.00
184.00
184.00
184.00
184.00
184.00
184.00
184.00
184.00
184.00
184.00
184.00
184.00
184.00
184.00
184.00
184.00
184.00
184.00
183.00
183.00
184.00
184.00
183.00
183.00
183.00
183.00
183.00
183.00
183.00
183.00
183.00
183.00
183.00
183.00
183.00
183.00
183.00
183.00
183.00
183.00
183.00
183.00
182.00
182.00
182.00
182.00
182.00
182.00
182.00
182.00
182.00
182.00
182.00
182.00
182.00
182.00
182.00
182.00
182.00
182.00
182.00
182.00
181.00
181.00
181.00
181.00
181.00
181.00
181.00
181.00
181.00
181.00
181.00
181.00
181.00
181.00
181.00
181.00
181.00
180.00
180.00
180.00
180.00
180.00
180.00
180.00
180.00
180.00
180.00
180.00
180.00
180.00
180.00
180.00
180.00
179.00
179.00
179.00
180.00
179.00
179.00
179.00
179.00
179.00
179.00
179.00
179.00
179.00
179.00
179.00
179.00
179.00
179.00
179.00
179.00
179.00
179.00
179.00
179.00
179.00
179.00
179.00
179.00
179.00
179.00
178.00
178.00
178.00
178.00
178.00
178.00
178.00
178.00
178.00
178.00
178.00
178.00
178.00
178.00
178.00
177.00
178.00
177.00
177.00
177.00
177.00
177.00
177.00
177.00
177.00
177.00
177.00
177.00
177.00
177.00
177.00
177.00
177.00
177.00
177.00
177.00
177.00
177.00
177.00
177.00
177.00
176.00
176.00
177.00
176.00
176.00
176.00
176.00
176.00
176.00
176.00
176.00
176.00
176.00
176.00
176.00
176.00
176.00
176.00
176.00
176.00
176.00
176.00
176.00
176.00
176.00
176.00
176.00
176.00
175.00
176.00
175.00
175.00
175.00
175.00
175.00
175.00
175.00
175.00
175.00
175.00
175.00
175.00
175.00
175.00
175.00
175.00
175.00
175.00
175.00
175.00
174.00
174.00
174.00
174.00
174.00
174.00
174.00
174.00
174.00
174.00
174.00
174.00
174.00
174.00
174.00
174.00
174.00
174.00
174.00
174.00
174.00
174.00
174.00
174.00
173.00
173.00
173.00
173.00
174.00
173.00
173.00
173.00
173.00
173.00
173.00
173.00
173.00
173.00
173.00
173.00
173.00
173.00
173.00
173.00
173.00
173.00
173.00
173.00
172.00
172.00
173.00
172.00
172.00
172.00
172.00
172.00
172.00
172.00
172.00
172.00
172.00
172.00
172.00
172.00
172.00
172.00
172.00
172.00
172.00
172.00
172.00
172.00
172.00
172.00
172.00
172.00
172.00
172.00
172.00
172.00
172.00
172.00
171.00
171.00
172.00
171.00
171.00
171.00
171.00
171.00
171.00
171.00
171.00
171.00
171.00
171.00
171.00
171.00
171.00
171.00
171.00
171.00
171.00
171.00
171.00
171.00
171.00
171.00
171.00
171.00
171.00
170.00
170.00
170.00
171.00
170.00
170.00
170.00
170.00
170.00
170.00
170.00
170.00
170.00
170.00
170.00
170.00
170.00
170.00
170.00
170.00
170.00
170.00
170.00
170.00
170.00
170.00
170.00
170.00
170.00
170.00
170.00
170.00
170.00
170.00
170.00
170.00
170.00
170.00
171.00
170.00
170.00
170.00
170.00
170.00
170.00
170.00
170.00
170.00
170.00
170.00
171.00
171.00
171.00
170.00
171.00
170.00
171.00
171.00
170.00
170.00
170.00
170.00
170.00
170.00
170.00
170.00
170.00
170.00
170.00
170.00
170.00
170.00
170.00
170.00
170.00
170.00
170.00
170.00
170.00
170.00
170.00
170.00
169.00
170.00
169.00
169.00
170.00
169.00
169.00
169.00
169.00
169.00
169.00
169.00
169.00
169.00
169.00
169.00
169.00
169.00
169.00
169.00
169.00
169.00
169.00
169.00
169.00
169.00
169.00
169.00
169.00
168.00
169.00
169.00
168.00
168.00
168.00
168.00
168.00
168.00
168.00
168.00
168.00
168.00
168.00
168.00
168.00
168.00
168.00
168.00
168.00
168.00
168.00
168.00
168.00
168.00
168.00
168.00
168.00
168.00
168.00
167.00
167.00
168.00
167.00
168.00
167.00
167.00
167.00
167.00
167.00
167.00
167.00
167.00
167.00
167.00
167.00
167.00
167.00
167.00
167.00
167.00
167.00
167.00
167.00
167.00
167.00
167.00
167.00
167.00
167.00
167.00
167.00
167.00
167.00
167.00
167.00
167.00
167.00
166.00
167.00
167.00
166.00
166.00
166.00
166.00
167.00
166.00
166.00
166.00
166.00
166.00
166.00
166.00
166.00
166.00
166.00
166.00
166.00
166.00
166.00
166.00
166.00
166.00
166.00
166.00
166.00
165.00
166.00
165.00
165.00
165.00
165.00
165.00
165.00
165.00
165.00
165.00
165.00
165.00
165.00
165.00
165.00
165.00
165.00
165.00
165.00
165.00
164.00
164.00
164.00
165.00
165.00
164.00
165.00
164.00
164.00
164.00
164.00
164.00
164.00
164.00
164.00
164.00
164.00
164.00
164.00
164.00
164.00
164.00
164.00
164.00
164.00
164.00
164.00
164.00
164.00
164.00
163.00
163.00
163.00
163.00
163.00
163.00
163.00
163.00
163.00
163.00
163.00
163.00
163.00
163.00
163.00
163.00
163.00
163.00
163.00
163.00
163.00
163.00
163.00
163.00
163.00
163.00
163.00
163.00
163.00
163.00
163.00
163.00
163.00
163.00
163.00
163.00
163.00
163.00
163.00
163.00
162.00
163.00
163.00
163.00
163.00
163.00
162.00
162.00
162.00
162.00
162.00
162.00
162.00
162.00
162.00
162.00
162.00
162.00
162.00
162.00
162.00
162.00
162.00
162.00
162.00
162.00
162.00
162.00
162.00
162.00
162.00
162.00
162.00
162.00
162.00
162.00
162.00
162.00
162.00
162.00
163.00
162.00
163.00
163.00
163.00
163.00
163.00
163.00
163.00
163.00
163.00
163.00
163.00
163.00
163.00
163.00
163.00
163.00
163.00
164.00
164.00
164.00
164.00
164.00
164.00
165.00
165.00
165.00
165.00
165.00
165.00
165.00
165.00
165.00
165.00
166.00
165.00
165.00
165.00
165.00
166.00
166.00
166.00
166.00
166.00
166.00
166.00
166.00
166.00
166.00
166.00
166.00
166.00
166.00
166.00
166.00
166.00
166.00
166.00
166.00
165.00
166.00
165.00
165.00
165.00
165.00
165.00
166.00
165.00
165.00
165.00
165.00
165.00
165.00
165.00
165.00
165.00
165.00
165.00
164.00
164.00
164.00
164.00
164.00
164.00
164.00
164.00
164.00
164.00
164.00
164.00
164.00
164.00
164.00
164.00
164.00
164.00
163.00
164.00
163.00
164.00
163.00
163.00
163.00
163.00
163.00
163.00
163.00
163.00
163.00
163.00
163.00
163.00
163.00
163.00
163.00
163.00
163.00
163.00
163.00
163.00
163.00
162.00
162.00
162.00
162.00
162.00
162.00
162.00
162.00
162.00
162.00
162.00
162.00
162.00
162.00
162.00
162.00
161.00
161.00
162.00
161.00
161.00
161.00
161.00
161.00
161.00
161.00
161.00
161.00
161.00
161.00
161.00
161.00
161.00
161.00
161.00
161.00
161.00
161.00
161.00
161.00
160.00
160.00
160.00
160.00
160.00
160.00
160.00
160.00
160.00
160.00
160.00
160.00
160.00
160.00
160.00
160.00
160.00
160.00
160.00
160.00
160.00
160.00
160.00
160.00
160.00
160.00
160.00
160.00
160.00
160.00
160.00
160.00
160.00
160.00
161.00
161.00
161.00
161.00
161.00
161.00
162.00
162.00
162.00
163.00
163.00
163.00
163.00
164.00
164.00
164.00
165.00
165.00
165.00
166.00
166.00
167.00
167.00
167.00
168.00
168.00
169.00
169.00
170.00
171.00
171.00
172.00
172.00
172.00
173.00
174.00
174.00
175.00
175.00
176.00
176.00
177.00
177.00
178.00
178.00
179.00
179.00
180.00
180.00
181.00
181.00
182.00
182.00
183.00
183.00
184.00
184.00
184.00
185.00
185.00
185.00
186.00
186.00
187.00
187.00
187.00
188.00
188.00
189.00
189.00
190.00
190.00
190.00
191.00
191.00
191.00
191.00
192.00
193.00
193.00
193.00
193.00
194.00
194.00
194.00
194.00
194.00
194.00
195.00
195.00
195.00
195.00
195.00
195.00
195.00
195.00
195.00
195.00
196.00
195.00
195.00
196.00
196.00
196.00
