506
506
506
506
506
506
506
506
506
506
506
506
506
506
491
491
491
491
491
491
491
491
491
491
491
491
491
509
509
509
509
509
509
509
509
509
509
509
509
509
600
519
519
519
519
519
519
519
519
519
519
519
519
519
500
516
516
516
516
516
516
516
516
516
516
516
516
516
516
516
516
516
516
516
516
519
519
519
519
519
519
519
519
519
519
519
519
519
512
512
512
512
512
512
512
512
512
512
512
512
512
514
514
514
514
514
514
514
514
514
514
514
514
514
514
507
507
507
507
507
507
507
507
507
507
507
507
507
507
507
542
542
542
542
542
542
542
542
542
542
542
542
496
496
496
496
496
496
496
496
496
496
496
496
496
496
504
504
504
504
504
504
504
504
504
504
504
504
504
493
493
493
493
493
493
493
493
493
493
493
493
493
493
493
493
493
493
493
493
493
522
522
522
522
522
522
522
522
522
522
522
522
522
529
529
529
529
529
529
529
529
529
529
529
529
529
509
509
509
509
509
509
509
509
509
509
509
509
509
509
515
515
515
515
515
515
515
515
515
515
515
515
515
508
508
508
508
508
508
508
508
508
508
508
508
508
504
504
504
504
504
504
504
504
504
504
504
504
504
504
510
510
510
510
510
510
510
510
510
510
510
510
510
510
510
510
510
510
510
510
568
568
568
568
568
568
568
568
568
568
568
568
568
568
496
496
496
496
496
496
496
496
496
496
496
496
496
496
503
503
503
503
503
503
503
503
503
503
503
503
503
501
501
501
501
501
501
501
501
501
501
501
501
501
515
515
515
515
515
515
515
515
515
515
515
515
515
515
523
523
523
523
523
523
523
523
523
523
523
523
523
523
508
508
508
508
508
508
508
508
508
508
508
508
508
513
513
513
513
513
513
513
513
513
513
513
513
513
513
513
513
513
513
513
513
513
505
505
505
505
505
505
505
505
505
505
505
505
505
505
518
518
518
518
518
518
518
518
518
518
518
518
518
518
518
560
560
560
560
560
560
560
560
560
560
560
560
422
422
422
422
422
422
422
422
422
422
422
422
576
563
563
563
563
563
563
563
563
563
563
563
563
563
558
558
558
558
558
558
558
558
558
558
558
558
558
558
487
487
487
487
487
487
487
487
487
487
487
487
487
487
487
487
487
487
487
523
480
480
480
480
480
480
480
480
480
480
480
480
480
478
515
515
515
515
515
515
515
515
515
515
515
515
515
438
438
438
438
438
438
438
438
519
519
519
519
519
519
519
519
519
592
592
592
592
592
592
592
592
592
592
592
592
504
504
504
504
504
504
504
504
504
504
504
504
504
491
491
491
491
491
491
491
491
491
491
491
491
491
491
483
483
483
483
483
483
483
483
483
483
483
483
483
483
483
483
483
483
483
483
499
499
499
499
499
499
499
499
499
499
499
499
499
499
520
520
520
520
520
520
520
520
520
520
520
520
520
531
531
531
531
531
531
531
531
531
531
531
531
531
531
543
543
543
543
543
543
543
543
543
543
543
543
543
497
497
497
497
497
497
497
497
497
497
497
497
497
564
564
564
564
564
564
564
564
564
564
564
564
564
564
486
486
486
486
486
486
486
486
486
486
486
486
486
486
486
486
486
486
486
486
486
486
486
486
486
486
486
486
486
486
486
486
486
486
521
521
521
521
521
521
521
521
521
521
521
521
521
503
503
503
503
503
503
503
503
503
503
503
503
503
503
486
486
486
486
486
486
486
486
486
486
486
486
486
492
492
492
492
492
492
492
492
492
492
492
492
492
492
479
479
479
479
479
479
479
479
479
479
479
479
479
503
503
503
503
503
503
503
503
503
503
503
503
503
503
514
514
514
514
514
514
514
514
514
514
514
514
514
514
514
514
514
514
514
514
524
524
524
524
524
524
524
524
524
524
524
524
524
524
505
505
505
505
505
505
505
505
505
505
505
505
505
524
524
524
524
524
524
524
524
524
524
524
524
524
524
518
518
518
518
518
518
518
518
518
518
518
518
518
497
497
497
497
497
497
497
497
497
497
497
497
497
505
505
505
505
505
505
505
505
505
505
505
505
505
505
622
622
622
622
622
622
622
622
622
622
622
622
622
622
622
622
622
622
622
622
622
495
495
495
495
495
495
495
495
495
495
495
495
495
515
515
515
515
515
515
515
515
515
515
515
515
515
515
511
507
507
507
507
507
507
507
507
507
507
507
507
521
521
521
521
521
521
521
521
521
521
521
521
521
528
528
528
528
528
528
528
528
528
528
528
528
528
528
523
523
523
523
523
523
523
523
523
523
523
523
523
523
492
492
492
492
492
492
492
492
492
492
492
492
492
519
519
519
519
519
519
519
519
519
519
519
519
519
519
519
519
519
519
519
519
539
539
539
539
539
539
539
539
539
539
539
539
539
521
483
483
483
483
483
483
483
483
483
483
483
483
483
483
512
512
512
512
512
512
512
512
512
512
512
512
512
514
514
514
514
514
514
514
514
514
514
514
514
514
531
531
531
531
531
531
531
531
531
531
531
531
531
531
495
495
495
495
495
495
495
495
495
495
495
495
495
505
505
505
505
505
505
505
505
505
505
505
505
505
505
505
505
505
505
505
505
505
607
607
607
607
607
607
607
607
607
607
607
607
607
494
494
494
494
494
494
494
494
494
494
494
494
494
496
496
496
496
496
496
496
496
496
496
496
496
496
496
496
505
505
505
505
505
505
505
505
505
505
505
505
508
508
508
508
508
508
508
508
508
508
508
508
508
508
507
507
507
507
507
507
507
507
507
507
507
507
507
507
522
522
522
522
522
522
522
522
522
522
522
522
522
483
483
483
483
483
483
483
483
483
483
483
483
483
483
483
483
483
483
483
483
503
503
503
503
503
503
503
503
503
503
503
503
503
503
494
494
494
494
494
494
494
494
494
494
494
494
494
498
498
498
498
498
498
498
498
498
498
498
498
498
498
519
519
519
519
519
519
519
519
519
519
519
519
519
525
525
525
525
525
525
525
525
525
525
525
525
525
525
525
511
511
511
511
511
511
511
511
511
511
511
511
511
505
505
505
505
505
505
505
505
505
505
505
505
505
505
505
505
505
505
505
505
515
515
515
515
515
515
515
515
515
515
515
515
515
515
482
482
482
482
482
482
482
482
482
482
482
482
474
496
496
496
496
496
496
496
496
496
496
496
496
512
511
511
511
511
511
511
511
511
511
511
511
511
511
511
483
483
483
483
483
483
483
483
483
483
483
483
483
504
504
504
504
504
504
504
504
504
504
504
504
504
504
512
512
512
512
512
512
512
512
512
512
512
512
512
528
528
528
528
528
528
528
528
528
528
528
528
528
528
528
528
528
528
528
528
528
515
515
515
515
515
515
515
515
515
515
515
515
515
529
529
529
529
529
529
529
529
529
529
529
529
529
479
479
479
479
479
479
479
479
479
479
479
479
479
479
522
522
522
522
522
522
522
522
522
522
522
522
522
569
569
569
569
569
569
569
569
569
569
569
569
569
569
569
506
506
506
506
506
506
506
506
506
506
506
506
506
498
498
498
498
498
498
498
498
498
498
498
498
498
498
498
498
498
498
498
498
506
506
506
506
506
506
506
506
506
506
506
506
506
540
540
540
540
540
540
540
540
540
540
540
540
540
540
519
519
519
519
519
519
519
519
519
519
519
519
519
521
515
515
515
515
515
515
515
515
515
515
515
515
505
505
505
505
505
505
505
505
505
505
505
505
505
505
499
510
510
510
510
510
510
510
510
510
510
510
510
510
510
510
510
510
510
510
510
510
510
510
510
510
510
504
504
504
504
504
504
504
504
504
504
504
504
504
504
504
504
504
504
504
504
560
560
560
560
560
560
560
560
560
560
560
560
560
501
501
501
501
501
501
501
501
501
501
501
501
501
501
513
513
513
513
513
513
513
513
513
513
513
513
513
513
487
487
487
487
487
487
487
487
487
487
487
487
499
505
505
505
505
505
505
505
505
505
505
505
505
505
496
496
496
496
496
496
496
496
496
496
496
496
496
522
503
503
503
503
503
503
503
503
503
503
503
503
503
503
503
503
503
503
503
503
502
502
502
502
502
502
502
502
502
502
502
502
502
502
510
510
510
510
510
510
510
510
510
510
510
510
510
525
525
525
525
525
525
525
525
525
525
525
525
525
518
518
518
518
518
518
518
518
518
518
518
518
518
520
520
520
520
520
520
520
520
520
520
520
520
520
507
507
507
507
507
507
507
507
507
507
507
507
507
507
507
512
512
512
512
512
512
512
512
512
512
512
512
512
510
510
510
510
510
510
510
510
510
510
510
510
510
510
510
510
510
510
510
510
450
450
450
450
450
450
450
450
450
450
450
450
450
500
500
500
500
500
500
500
500
500
500
500
500
500
500
505
505
505
505
505
505
505
505
505
505
505
505
505
499
499
499
499
499
499
499
499
499
499
499
499
499
516
516
516
516
516
516
516
516
516
516
516
516
516
516
516
525
525
525
525
525
525
525
525
525
525
525
525
525
509
509
509
509
509
509
509
509
509
509
509
509
509
509
509
509
509
509
509
509
509
513
513
513
513
513
513
513
513
513
513
513
513
513
507
507
507
507
507
507
507
507
507
507
507
507
507
507
498
498
498
498
498
498
498
498
498
498
498
498
505
505
505
505
505
505
505
505
505
505
505
505
505
505
596
596
596
596
596
596
596
596
596
596
596
596
596
494
494
494
494
494
494
494
494
494
494
494
494
494
494
494
510
510
510
510
510
510
510
510
510
510
510
510
510
494
494
494
494
494
494
494
494
494
494
494
494
494
494
494
494
494
494
508
504
504
504
504
504
504
504
504
504
504
504
504
504
504
504
504
504
519
497
497
497
497
497
497
497
497
497
504
504
504
504
504
504
504
504
504
504
504
504
504
504
504
504
504
504
504
504
504
504
504
504
504
504
504
512
512
512
512
512
512
512
512
512
512
512
512
512
523
523
523
523
523
523
523
523
523
523
523
523
523
523
519
519
519
519
519
519
519
519
519
519
519
519
519
519
519
519
519
519
519
519
519
521
521
521
521
521
521
521
521
521
521
521
521
509
509
509
509
509
509
509
509
509
509
509
509
509
515
515
515
515
515
515
515
515
515
515
515
515
515
509
509
509
509
509
509
509
509
509
509
509
509
509
509
509
509
468
468
468
468
468
468
468
468
468
468
468
468
468
468
501
501
501
501
501
501
501
501
501
501
501
501
501
501
504
504
504
504
504
504
504
504
504
504
504
504
504
504
504
504
504
504
500
500
500
500
500
500
500
500
500
500
500
500
500
500
510
510
510
510
510
510
510
510
510
510
510
510
510
527
527
527
527
527
527
527
527
527
527
527
527
527
511
511
511
511
511
511
511
511
511
511
511
511
511
511
510
510
510
510
510
510
510
510
510
510
510
510
510
508
508
508
508
508
508
508
508
508
508
508
508
508
436
436
436
436
436
436
436
436
436
436
436
436
436
501
501
501
501
501
501
501
501
501
501
501
501
501
501
501
501
501
501
501
501
505
505
505
505
505
505
505
505
505
505
505
505
505
505
492
492
492
492
492
492
492
492
492
492
492
492
492
525
525
525
525
525
525
525
525
525
525
525
525
525
525
525
531
531
531
531
531
531
531
531
531
531
531
531
531
511
511
511
511
511
511
511
511
511
511
511
511
511
511
512
512
512
512
512
512
512
512
512
512
512
512
506
506
506
506
506
506
506
506
506
506
506
506
506
506
475
475
475
475
475
475
475
475
475
475
475
475
475
475
475
475
475
475
475
475
493
505
505
505
505
505
505
505
505
505
505
505
505
505
506
506
506
506
506
506
506
506
506
506
506
506
506
494
494
494
494
494
494
494
494
494
494
494
494
494
494
494
494
494
494
494
494
494
494
494
494
494
512
512
512
518
518
518
518
518
518
518
518
518
518
518
511
511
511
511
511
511
511
511
511
511
511
511
511
511
512
445
445
445
445
445
445
445
445
445
445
445
445
445
445
445
445
445
445
445
445
499
499
499
499
499
499
499
499
499
499
499
499
499
503
503
503
503
503
503
503
503
503
503
503
