# Simple Text Format
# Sampling Rate (Hz):= 45.00
# Resolution:= 10
# Labels:= EDA
252
252
252
252
252
252
252
252
252
252
252
252
252
252
250
250
250
250
250
250
250
250
250
250
250
250
250
248
248
248
248
248
248
248
248
248
248
248
248
248
248
247
247
247
247
247
247
247
247
247
247
247
247
247
247
247
247
247
247
247
247
247
247
247
247
247
247
247
247
247
247
247
247
247
247
246
246
246
246
246
246
246
246
246
246
246
246
246
246
246
246
246
246
246
246
246
246
246
246
246
246
246
246
246
246
246
246
246
246
246
246
246
246
246
246
246
246
246
246
246
246
246
246
246
246
246
246
246
246
246
245
245
245
245
245
245
245
245
245
245
245
245
244
244
244
244
244
244
244
244
244
244
244
244
244
244
244
244
244
244
244
244
244
244
244
244
244
244
244
243
243
243
243
243
243
243
243
243
243
243
243
243
243
243
243
243
243
243
243
243
243
243
243
243
243
243
243
243
243
243
243
243
243
242
242
242
242
242
242
242
242
242
242
242
242
242
241
241
241
241
241
241
241
241
241
241
241
241
241
241
241
241
241
241
241
241
241
241
241
241
241
241
241
241
241
241
241
241
241
241
241
241
241
241
241
241
241
241
241
241
241
241
241
241
241
241
241
241
241
241
241
241
241
241
241
241
241
241
241
241
241
241
241
241
241
241
241
241
241
241
240
240
240
240
240
240
240
240
240
240
240
240
240
240
239
239
239
239
239
239
239
239
239
239
239
239
239
239
238
238
238
238
238
238
238
238
238
238
238
238
238
237
237
237
237
237
237
237
237
237
237
237
237
237
236
236
236
236
236
236
236
236
236
236
236
236
236
236
235
235
235
235
235
235
235
235
235
235
235
235
235
235
233
233
233
233
233
233
233
233
233
233
233
233
233
232
232
232
232
232
232
232
232
232
232
232
232
232
232
232
232
232
232
232
232
232
231
231
231
231
231
231
231
231
231
231
231
231
231
231
233
233
233
233
233
233
233
233
233
233
233
233
233
233
233
245
245
245
245
245
245
245
245
245
245
245
245
259
259
259
259
259
259
259
259
259
259
259
259
260
267
267
267
267
267
267
267
267
267
267
267
267
267
269
269
269
269
269
269
269
269
269
269
269
269
269
269
271
271
271
271
271
271
271
271
271
271
271
271
271
271
271
271
271
271
271
269
268
268
268
268
268
268
268
268
268
268
268
268
268
267
267
267
267
267
267
267
267
267
267
267
267
267
267
266
266
266
266
266
266
266
266
268
268
268
268
268
268
268
268
268
270
270
270
270
270
270
270
270
270
270
270
270
278
278
278
278
278
278
278
278
278
278
278
278
278
288
288
288
288
288
288
288
288
288
288
288
288
288
288
294
294
294
294
294
294
294
294
294
294
294
294
294
294
294
294
294
294
294
294
296
296
296
296
296
296
296
296
296
296
296
296
296
296
295
295
295
295
295
295
295
295
295
295
295
295
295
294
294
294
294
294
294
294
294
294
294
294
294
294
294
292
292
292
292
292
292
292
292
292
292
292
292
292
287
287
287
287
287
287
287
287
287
287
287
287
287
282
282
282
282
282
282
282
282
282
282
282
282
282
282
280
280
280
280
280
280
280
280
280
280
280
280
280
280
280
280
280
280
280
280
280
281
281
281
281
281
281
281
281
281
281
281
281
281
283
283
283
283
283
283
283
283
283
283
283
283
283
284
284
284
284
284
284
284
284
284
284
284
284
284
284
284
284
284
284
284
284
284
284
284
284
284
284
284
283
283
283
283
283
283
283
283
283
283
283
283
283
283
282
282
282
282
282
282
282
282
282
282
282
282
282
280
280
280
280
280
280
280
280
280
280
280
280
280
280
279
279
279
279
279
279
279
279
279
279
279
279
279
279
279
279
279
279
279
279
277
277
277
277
277
277
277
277
277
277
277
277
277
277
275
275
275
275
275
275
275
275
275
275
275
275
275
275
275
275
275
275
275
275
275
275
275
275
275
275
275
274
274
274
274
274
274
274
274
274
274
274
274
274
274
274
274
274
274
274
274
274
274
274
274
274
274
273
273
273
273
273
273
273
273
273
273
273
273
273
273
275
275
275
275
275
275
275
275
275
275
275
275
275
275
275
275
275
275
275
275
275
278
278
278
278
278
278
278
278
278
278
278
278
278
280
280
280
280
280
280
280
280
280
280
280
280
280
280
281
281
281
281
281
281
281
281
281
281
281
281
281
280
280
280
280
280
280
280
280
280
280
280
280
280
278
278
278
278
278
278
278
278
278
278
278
278
278
278
276
276
276
276
276
276
276
276
276
276
276
276
276
276
276
276
276
276
276
276
276
276
276
276
276
276
276
277
277
277
277
277
277
277
277
277
277
277
277
277
277
277
277
277
277
277
277
277
277
277
277
277
277
277
277
277
277
277
277
277
277
276
276
276
276
276
276
276
276
276
276
276
276
276
276
274
274
274
274
274
274
274
274
274
274
274
274
274
273
273
273
273
273
273
273
273
273
273
273
273
273
271
271
271
271
271
271
271
271
271
271
271
271
271
271
271
271
271
271
271
271
271
271
271
271
271
271
271
270
270
270
270
270
270
270
270
270
270
270
270
270
270
270
270
270
270
270
270
270
269
269
269
269
269
269
269
269
269
269
269
269
269
268
268
268
268
268
268
268
268
268
268
268
268
268
267
267
267
267
267
267
267
267
267
267
267
267
267
267
267
267
267
267
267
267
267
267
267
267
267
267
267
266
266
266
266
266
266
266
266
266
266
266
266
266
266
265
265
265
265
265
265
265
265
265
265
265
265
265
265
264
264
264
264
264
264
264
264
264
264
264
264
264
263
263
263
263
263
263
263
263
263
263
263
263
263
263
263
263
263
263
263
263
263
263
263
263
263
263
263
263
263
263
263
263
263
263
262
262
262
262
262
262
262
262
262
262
262
262
262
261
261
261
261
261
261
261
261
261
261
261
261
261
261
259
259
259
259
259
259
259
259
259
259
259
259
259
259
259
259
259
259
259
259
259
259
259
259
259
259
259
259
258
258
258
258
258
258
258
258
258
258
258
258
258
257
257
257
257
257
257
257
257
257
257
257
257
257
257
257
257
257
257
257
257
256
256
256
256
256
256
256
256
256
256
256
256
256
256
255
255
255
255
255
255
255
255
255
255
255
255
254
254
254
254
254
254
254
254
254
254
254
254
254
254
254
254
254
254
254
254
254
254
254
254
254
254
254
254
253
253
253
253
253
253
253
253
253
253
253
253
253
252
252
252
252
252
252
252
252
252
252
252
252
252
252
252
252
252
252
252
252
252
252
252
252
252
252
252
251
251
251
251
251
251
251
251
251
251
251
251
251
251
251
251
251
251
251
251
251
250
250
250
250
250
250
250
250
250
250
250
250
250
248
248
248
248
248
248
248
248
248
248
248
248
248
248
248
248
248
248
248
248
248
248
248
248
248
248
248
249
249
249
249
249
249
249
249
249
249
249
249
249
248
248
248
248
248
248
248
248
248
248
248
248
248
248
248
247
247
247
247
247
247
247
247
247
247
247
247
247
246
246
246
246
246
246
246
246
246
246
246
246
246
246
246
246
246
246
246
246
249
249
249
249
249
249
249
249
249
249
249
249
249
252
252
252
252
252
252
252
252
252
252
252
252
252
252
252
252
252
252
252
252
252
252
252
252
252
252
252
256
259
259
259
259
259
259
259
259
259
259
259
259
260
260
260
260
260
260
260
260
260
260
260
260
260
260
258
258
258
258
258
258
258
258
258
258
258
258
259
259
259
259
259
259
259
259
259
259
259
259
259
259
259
261
261
261
261
261
261
261
261
261
261
261
261
261
261
261
261
261
261
261
261
259
259
259
259
259
259
259
259
259
259
259
259
259
254
254
254
254
254
254
254
254
254
254
254
254
254
254
255
255
255
255
255
255
255
255
255
255
255
255
255
255
254
254
254
254
254
254
254
254
254
254
254
254
254
253
253
253
253
253
253
253
253
253
253
253
253
253
254
254
254
254
254
254
254
254
254
254
254
254
254
255
255
255
255
255
255
255
255
255
255
255
255
255
255
255
255
255
255
255
255
255
255
255
255
255
255
255
255
255
255
255
255
255
255
255
255
255
255
255
255
255
255
255
255
255
255
255
255
254
254
254
254
254
254
254
254
254
254
254
254
254
252
252
252
252
252
252
252
252
252
252
252
252
252
251
251
251
251
251
251
251
251
251
251
251
251
251
249
249
249
249
249
249
249
249
249
249
249
249
249
249
249
248
248
248
248
248
248
248
248
248
248
248
248
248
247
247
247
247
247
247
247
247
247
247
247
247
247
247
247
247
247
247
247
247
245
245
245
245
245
245
245
245
245
245
245
245
245
244
244
244
244
244
244
244
244
244
244
244
244
244
244
243
243
243
243
243
243
243
243
243
243
243
243
243
242
242
242
242
242
242
242
242
242
242
242
242
242
241
241
241
241
241
241
241
241
241
241
241
241
241
241
241
240
240
240
240
240
240
240
240
240
240
240
240
240
238
238
238
238
238
238
238
238
238
238
238
238
238
238
238
238
238
238
238
238
238
237
237
237
237
237
237
237
237
237
237
237
237
237
236
236
236
236
236
236
236
236
236
236
236
236
236
236
235
235
235
235
235
235
235
235
235
235
235
235
234
234
234
234
234
234
234
234
234
234
234
234
234
234
234
234
234
234
234
234
234
234
234
234
234
234
234
233
233
233
233
233
233
233
233
233
233
233
233
233
233
233
232
232
232
232
232
232
232
232
232
232
232
232
232
231
231
231
231
231
231
231
231
231
231
231
231
231
231
231
231
231
231
231
231
231
231
231
231
231
231
231
231
231
231
231
231
231
231
231
231
231
230
230
230
230
230
230
230
230
230
230
230
230
230
230
230
230
230
230
230
230
230
230
230
230
230
229
229
229
229
229
229
229
229
229
229
229
228
228
228
228
228
228
228
228
228
228
228
228
228
227
227
227
227
227
227
227
227
227
227
227
227
227
227
226
226
226
226
226
226
226
226
226
226
226
226
226
226
226
226
226
226
226
226
226
226
226
226
226
226
226
226
226
226
226
226
226
225
225
225
225
225
225
225
225
225
225
225
225
225
224
224
224
224
224
224
224
224
224
224
224
224
224
223
223
223
223
223
223
223
223
223
223
223
223
223
223
223
223
222
222
222
222
222
222
222
222
222
222
222
222
222
222
221
221
221
221
221
221
221
221
221
221
221
221
221
221
221
221
221
221
221
221
221
221
221
221
221
221
221
221
221
221
221
221
221
221
221
221
221
221
221
221
221
221
221
221
221
221
223
223
223
223
223
223
223
223
223
223
223
223
223
225
225
225
225
225
225
225
225
225
225
225
225
225
226
226
226
226
226
226
226
226
226
226
226
226
226
226
226
226
226
226
226
226
226
226
226
226
226
226
226
224
224
224
224
224
224
224
224
224
224
224
224
224
224
224
224
224
224
224
224
224
224
224
224
224
224
223
223
223
223
223
223
223
223
223
223
223
223
223
223
223
223
223
223
223
223
223
223
223
223
223
223
223
223
223
223
223
223
223
223
223
223
223
223
223
223
223
223
223
223
223
223
223
222
222
222
222
222
222
222
222
222
222
222
222
222
222
222
221
221
221
221
221
221
221
221
221
221
221
221
221
220
220
220
220
220
220
220
220
220
220
220
220
220
220
218
218
218
218
218
218
218
218
218
218
218
218
217
217
217
217
217
217
217
217
217
217
217
217
217
217
216
216
216
216
216
216
216
216
216
216
216
216
216
216
216
216
216
216
216
216
217
217
217
217
217
217
217
217
217
217
217
217
217
217
218
218
218
218
218
218
218
218
218
218
218
218
218
218
218
218
218
218
218
218
218
218
218
218
218
218
218
218
218
218
218
218
218
218
218
218
218
218
217
217
217
217
217
217
217
217
217
217
217
217
217
217
217
217
217
217
217
217
217
217
217
217
217
217
217
217
216
216
216
216
216
216
216
216
216
216
216
216
216
216
216
216
216
216
216
216
216
216
216
216
216
216
216
216
216
216
216
216
216
216
214
214
214
214
214
214
214
214
214
214
214
